3 1 0.296812314453 1
5 0 0.301717873615 1
8 0 0.280520018081 1
7 2 0.333061858648 1
0 2 0.267051199616 1
1 0 0.276196019791 1
6 5 0.2566492767 1
5 3 0.264226703499 1
4 6 0.241650286139 1
3 4 0.350023752615 1
9 4 0.233570018269 1
1 4 0.348678372253 1
8 7 0.291247609968 1
2 7 0.296934377833 1
0 8 0.266419608048 1
5 8 0.277958868115 1
3 9 0.29152928536 1
8 9 0.231711989341 1
0 0 0.339606067726 1
0 1 0.343101254625 1
0 3 0.377679145546 1
0 4 0.412137226263 1
0 5 0.450261910916 1
0 6 0.432772057918 1
0 7 0.369770199999 1
0 9 0.329727788124 1
1 1 0.359218018091 1
1 2 0.375324869417 1
1 3 0.419591892949 1
1 5 0.435013898057 1
1 6 0.428547216166 1
1 7 0.384461703343 1
1 8 0.369362537876 1
1 9 0.365550215727 1
2 0 0.358491425753 1
2 1 0.378977641775 1
2 2 0.434811608983 1
2 3 0.436684585471 1
2 4 0.399856473697 1
2 5 0.425844305181 1
2 6 0.391346158265 1
2 8 0.367920320674 1
2 9 0.359227975397 1
3 0 0.361195758203 1
3 2 0.429842551316 1
3 3 0.421755167435 1
3 5 0.395672068748 1
3 6 0.352333708304 1
3 7 0.364922039553 1
3 8 0.369708879659 1
4 0 0.376937695861 1
4 1 0.391225635986 1
4 2 0.417397271425 1
4 3 0.388943811666 1
4 4 0.394279787073 1
4 5 0.359253366169 1
4 7 0.336524384687 1
4 8 0.354707543772 1
4 9 0.360298692674 1
5 1 0.379825033997 1
5 2 0.377003900227 1
5 4 0.349088516305 1
5 5 0.330806203233 1
5 6 0.336150041523 1
5 7 0.368048992307 1
5 9 0.36205818387 1
6 0 0.375965960034 1
6 1 0.426189382246 1
6 2 0.4006841441 1
6 3 0.363105746592 1
6 4 0.36797738388 1
6 6 0.367327018982 1
6 7 0.402017729304 1
6 8 0.380517510374 1
6 9 0.379088810955 1
7 0 0.351996009697 1
7 1 0.393502135324 1
7 3 0.406605235976 1
7 4 0.40113183235 1
7 5 0.389980067138 1
7 6 0.427240535146 1
7 7 0.397652207851 1
7 8 0.356841796355 1
7 9 0.326524852988 1
8 1 0.395748545494 1
8 2 0.425063556103 1
8 3 0.41813751466 1
8 4 0.356022352737 1
8 5 0.374649978898 1
8 6 0.394555228276 1
8 8 0.342614472628 1
9 0 0.362335758315 1
9 1 0.403157107172 1
9 2 0.408109927665 1
9 3 0.358275221705 1
9 5 0.33544232677 1
9 6 0.402597306988 1
9 7 0.37148916129 1
9 8 0.366802697026 1
9 9 0.315083934422 1
