# header
3, 1.0, 2.0, 55.0, 2.0, 9.0, 29.0, 8.0, 8.0, 32.0, 0.0, 3.0, 40.8
2, 8.0, 1.0, 43.9, 2.0, 9.0, 35.0, 0.0, 3.0, 60.4
3, 1.0, 2.0, 60.0, 2.0, 9.0, 32.0, 8.0, 8.0, 32.0, 0.0, 3.0, 48.0
4, 8.0, 1.0, 37.4, 1.0, 2.0, 61.0, 2.0, 9.0, 28.0, 8.0, 8.0, 31.0, 0.0, 3.0, 49.1
2, 8.0, 1.0, 42.6, 2.0, 9.0, 39.0, 0.0, 3.0, 60.4
2, 1.0, 2.0, 57.0, 2.0, 9.0, 36.0, 0.0, 3.0, 45.0
4, 8.0, 1.0, 49.1, 1.0, 2.0, 58.0, 2.0, 9.0, 37.0, 8.0, 8.0, 33.0, 0.0, 3.0, 46.0
4, 8.0, 1.0, 49.1, 1.0, 2.0, 65.0, 2.0, 9.0, 30.0, 8.0, 8.0, 29.0, 0.0, 3.0, 54.2
3, 1.0, 2.0, 58.0, 2.0, 9.0, 36.0, 8.0, 8.0, 27.0, 0.0, 3.0, 46.0
4, 8.0, 1.0, 38.7, 1.0, 2.0, 60.0, 2.0, 9.0, 32.0, 8.0, 8.0, 27.0, 0.0, 3.0, 49.1
2, 1.0, 2.0, 63.0, 8.0, 8.0, 33.0, 0.0, 1.0, 55.2
4, 8.0, 1.0, 37.4, 1.0, 2.0, 59.0, 2.0, 9.0, 32.0, 8.0, 8.0, 31.0, 0.0, 1.0, 51.1
3, 8.0, 1.0, 50.4, 1.0, 2.0, 58.0, 8.0, 8.0, 34.0, 0.0, 1.0, 49.1
2, 1.0, 2.0, 64.0, 8.0, 8.0, 34.0, 0.0, 1.0, 56.3
2, 1.0, 2.0, 58.0, 8.0, 8.0, 35.0, 0.0, 1.0, 50.1
3, 1.0, 2.0, 61.0, 2.0, 9.0, 28.0, 8.0, 8.0, 27.0, 0.0, 1.0, 53.2
3, 8.0, 1.0, 34.8, 1.0, 2.0, 68.0, 8.0, 8.0, 27.0, 0.0, 1.0, 57.3
3, 8.0, 1.0, 38.7, 1.0, 2.0, 63.0, 8.0, 8.0, 28.0, 0.0, 1.0, 52.2
2, 8.0, 1.0, 50.4, 1.0, 2.0, 55.0, 0.0, 1.0, 45.0
2, 2.0, 9.0, 28.0, 8.0, 8.0, 28.0, 2.0, 4.0, 39.8
3, 1.0, 2.0, 59.0, 2.0, 9.0, 35.0, 8.0, 8.0, 28.0, 2.0, 4.0, 49.1
4, 8.0, 1.0, 34.8, 1.0, 2.0, 59.0, 2.0, 9.0, 29.0, 8.0, 8.0, 27.0, 2.0, 4.0, 43.9
4, 8.0, 1.0, 46.5, 1.0, 2.0, 65.0, 2.0, 9.0, 36.0, 8.0, 8.0, 31.0, 2.0, 4.0, 46.0
4, 8.0, 1.0, 42.6, 1.0, 2.0, 61.0, 2.0, 9.0, 34.0, 8.0, 8.0, 33.0, 2.0, 4.0, 49.1
2, 1.0, 2.0, 68.0, 8.0, 8.0, 31.0, 2.0, 4.0, 57.3
3, 8.0, 1.0, 36.1, 2.0, 9.0, 34.0, 8.0, 8.0, 34.0, 2.0, 4.0, 49.1
3, 8.0, 1.0, 43.9, 2.0, 9.0, 30.0, 8.0, 8.0, 32.0, 2.0, 4.0, 45.0
2, 1.0, 2.0, 61.0, 2.0, 9.0, 31.0, 2.0, 4.0, 46.0
2, 8.0, 1.0, 41.3, 2.0, 9.0, 32.0, 2.0, 4.0, 48.0
4, 8.0, 1.0, 42.6, 1.0, 2.0, 65.0, 2.0, 9.0, 38.0, 8.0, 8.0, 32.0, 8.0, 3.0, 52.2
2, 1.0, 2.0, 56.0, 2.0, 9.0, 35.0, 8.0, 3.0, 49.1
4, 8.0, 1.0, 38.7, 1.0, 2.0, 57.0, 2.0, 9.0, 34.0, 8.0, 8.0, 28.0, 9.0, 1.0, 40.8
4, 8.0, 1.0, 45.2, 1.0, 2.0, 57.0, 2.0, 9.0, 37.0, 8.0, 8.0, 33.0, 9.0, 1.0, 46.0
2, 8.0, 1.0, 34.8, 2.0, 9.0, 33.0, 9.0, 1.0, 38.8
2, 8.0, 1.0, 47.8, 8.0, 8.0, 28.0, 9.0, 1.0, 46.0
2, 8.0, 1.0, 49.1, 1.0, 2.0, 62.0, 9.0, 1.0, 49.1
3, 8.0, 1.0, 42.6, 1.0, 2.0, 64.0, 2.0, 9.0, 31.0, 9.0, 1.0, 43.9
2, 1.0, 2.0, 68.0, 2.0, 9.0, 30.0, 9.0, 1.0, 61.4
2, 8.0, 1.0, 45.2, 2.0, 9.0, 30.0, 9.0, 1.0, 46.0
4, 8.0, 1.0, 40.0, 1.0, 2.0, 56.0, 2.0, 9.0, 32.0, 8.0, 8.0, 30.0, 8.0, 5.0, 27.4
3, 8.0, 1.0, 38.7, 1.0, 2.0, 59.0, 2.0, 9.0, 32.0, 8.0, 5.0, 49.1
2, 8.0, 1.0, 37.4, 8.0, 8.0, 34.0, 8.0, 5.0, 38.8
2, 8.0, 1.0, 42.6, 1.0, 2.0, 66.0, 8.0, 5.0, 59.4
2, 8.0, 1.0, 34.8, 8.0, 8.0, 29.0, 8.0, 5.0, 33.6
3, 8.0, 1.0, 36.1, 2.0, 9.0, 34.0, 8.0, 8.0, 35.0, 8.0, 5.0, 47.0
3, 8.0, 1.0, 43.9, 2.0, 9.0, 38.0, 8.0, 8.0, 33.0, 8.0, 5.0, 36.7
3, 8.0, 1.0, 42.6, 1.0, 2.0, 59.0, 8.0, 8.0, 28.0, 9.0, 8.0, 59.4
3, 1.0, 2.0, 67.0, 2.0, 9.0, 38.0, 8.0, 8.0, 30.0, 9.0, 8.0, 58.3
4, 8.0, 1.0, 46.5, 1.0, 2.0, 56.0, 2.0, 9.0, 28.0, 8.0, 8.0, 25.0, 9.0, 8.0, 51.1
2, 8.0, 1.0, 45.2, 8.0, 8.0, 29.0, 9.0, 8.0, 64.5
3, 8.0, 1.0, 37.4, 1.0, 2.0, 56.0, 8.0, 8.0, 31.0, 9.0, 8.0, 64.5
2, 8.0, 1.0, 43.9, 2.0, 9.0, 37.0, 9.0, 8.0, 57.3
2, 8.0, 1.0, 38.7, 2.0, 9.0, 34.0, 9.0, 8.0, 61.4
3, 8.0, 1.0, 47.8, 1.0, 2.0, 62.0, 8.0, 8.0, 26.0, 9.0, 8.0, 64.5
3, 8.0, 1.0, 34.8, 2.0, 9.0, 37.0, 8.0, 8.0, 34.0, 9.0, 8.0, 56.3
4, 8.0, 1.0, 33.5, 1.0, 2.0, 68.0, 2.0, 9.0, 28.0, 8.0, 8.0, 27.0, 7.0, 7.0, 38.8
2, 8.0, 1.0, 49.1, 2.0, 9.0, 36.0, 7.0, 7.0, 53.2
4, 8.0, 1.0, 42.6, 1.0, 2.0, 60.0, 2.0, 9.0, 31.0, 8.0, 8.0, 34.0, 7.0, 7.0, 45.0
3, 8.0, 1.0, 49.1, 1.0, 2.0, 64.0, 8.0, 8.0, 33.0, 7.0, 7.0, 45.0
4, 8.0, 1.0, 34.8, 1.0, 2.0, 64.0, 2.0, 9.0, 33.0, 8.0, 8.0, 34.0, 7.0, 7.0, 49.1
3, 8.0, 1.0, 33.5, 1.0, 2.0, 67.0, 8.0, 8.0, 29.0, 7.0, 7.0, 39.8
4, 8.0, 1.0, 38.7, 1.0, 2.0, 58.0, 2.0, 9.0, 40.0, 8.0, 8.0, 27.0, 7.0, 7.0, 49.1
2, 1.0, 2.0, 61.0, 2.0, 9.0, 30.0, 7.0, 7.0, 45.0
4, 8.0, 1.0, 38.7, 1.0, 2.0, 66.0, 2.0, 9.0, 35.0, 8.0, 8.0, 30.0, 7.0, 7.0, 40.8
2, 8.0, 1.0, 42.6, 1.0, 2.0, 60.0, 7.0, 7.0, 57.3
3, 8.0, 1.0, 33.5, 1.0, 2.0, 63.0, 2.0, 9.0, 38.0, 4.0, 8.0, 48.0
2, 8.0, 1.0, 46.5, 2.0, 9.0, 38.0, 4.0, 8.0, 48.0
4, 8.0, 1.0, 40.0, 1.0, 2.0, 55.0, 2.0, 9.0, 41.0, 8.0, 8.0, 32.0, 4.0, 8.0, 51.1
2, 8.0, 1.0, 41.3, 2.0, 9.0, 35.0, 4.0, 8.0, 43.9
4, 8.0, 1.0, 34.8, 1.0, 2.0, 59.0, 2.0, 9.0, 38.0, 8.0, 8.0, 34.0, 4.0, 8.0, 47.0
2, 8.0, 1.0, 38.7, 8.0, 8.0, 35.0, 4.0, 8.0, 57.3
2, 1.0, 2.0, 68.0, 8.0, 8.0, 30.0, 4.0, 8.0, 52.2
3, 8.0, 1.0, 37.4, 2.0, 9.0, 40.0, 8.0, 8.0, 26.0, 4.0, 8.0, 45.0
3, 8.0, 1.0, 42.6, 1.0, 2.0, 66.0, 8.0, 8.0, 28.0, 4.0, 8.0, 48.0
4, 8.0, 1.0, 37.4, 1.0, 2.0, 57.0, 2.0, 9.0, 35.0, 8.0, 8.0, 25.0, 2.0, 8.0, 42.9
4, 8.0, 1.0, 46.5, 1.0, 2.0, 68.0, 2.0, 9.0, 39.0, 8.0, 8.0, 32.0, 2.0, 8.0, 48.0
2, 8.0, 1.0, 50.4, 1.0, 2.0, 55.0, 2.0, 8.0, 61.4
2, 8.0, 1.0, 42.6, 1.0, 2.0, 59.0, 2.0, 8.0, 66.6
3, 1.0, 2.0, 63.0, 2.0, 9.0, 35.0, 8.0, 8.0, 29.0, 2.0, 8.0, 43.9
2, 8.0, 1.0, 36.1, 1.0, 2.0, 64.0, 2.0, 8.0, 68.6
2, 2.0, 9.0, 33.0, 8.0, 8.0, 27.0, 2.0, 8.0, 40.8
3, 8.0, 1.0, 46.5, 2.0, 9.0, 30.0, 8.0, 8.0, 34.0, 2.0, 8.0, 36.7
4, 8.0, 1.0, 49.1, 1.0, 2.0, 61.0, 2.0, 9.0, 41.0, 8.0, 8.0, 28.0, 2.0, 8.0, 50.1
2, 3.0, 3.0, 59.0, 7.0, 9.0, 31.0, 0.0, 2.0, 45.0
4, 9.0, 0.0, 37.4, 3.0, 3.0, 57.0, 0.0, 8.0, 28.0, 7.0, 9.0, 29.0, 0.0, 2.0, 32.6
3, 9.0, 0.0, 34.8, 3.0, 3.0, 58.0, 0.0, 8.0, 32.0, 0.0, 2.0, 43.9
3, 9.0, 0.0, 37.4, 3.0, 3.0, 64.0, 0.0, 8.0, 35.0, 0.0, 2.0, 50.1
2, 3.0, 3.0, 58.0, 0.0, 8.0, 29.0, 0.0, 2.0, 43.9
3, 9.0, 0.0, 46.5, 3.0, 3.0, 65.0, 0.0, 8.0, 38.0, 0.0, 2.0, 52.2
3, 9.0, 0.0, 41.3, 0.0, 8.0, 36.0, 7.0, 9.0, 35.0, 0.0, 2.0, 60.4
3, 3.0, 3.0, 56.0, 0.0, 8.0, 36.0, 7.0, 9.0, 32.0, 0.0, 2.0, 40.8
2, 3.0, 3.0, 60.0, 7.0, 9.0, 28.0, 0.0, 2.0, 46.0
4, 9.0, 0.0, 46.5, 3.0, 3.0, 55.0, 0.0, 8.0, 37.0, 7.0, 9.0, 30.0, 0.0, 0.0, 46.0
4, 9.0, 0.0, 37.4, 3.0, 3.0, 55.0, 0.0, 8.0, 31.0, 7.0, 9.0, 33.0, 0.0, 0.0, 47.0
2, 3.0, 3.0, 68.0, 0.0, 8.0, 40.0, 0.0, 0.0, 63.5
2, 3.0, 3.0, 67.0, 7.0, 9.0, 30.0, 0.0, 0.0, 46.0
2, 3.0, 3.0, 59.0, 0.0, 8.0, 36.0, 0.0, 0.0, 53.2
2, 9.0, 0.0, 34.8, 0.0, 8.0, 36.0, 0.0, 0.0, 54.2
2, 9.0, 0.0, 37.4, 0.0, 8.0, 41.0, 0.0, 0.0, 56.3
4, 9.0, 0.0, 33.5, 3.0, 3.0, 62.0, 0.0, 8.0, 35.0, 7.0, 9.0, 31.0, 1.0, 3.0, 46.0
4, 9.0, 0.0, 42.6, 3.0, 3.0, 68.0, 0.0, 8.0, 36.0, 7.0, 9.0, 31.0, 1.0, 3.0, 23.3
2, 3.0, 3.0, 62.0, 0.0, 8.0, 35.0, 1.0, 3.0, 50.1
4, 9.0, 0.0, 50.4, 3.0, 3.0, 55.0, 0.0, 8.0, 31.0, 7.0, 9.0, 34.0, 1.0, 3.0, 40.8
4, 9.0, 0.0, 36.1, 3.0, 3.0, 61.0, 0.0, 8.0, 34.0, 7.0, 9.0, 30.0, 1.0, 3.0, 46.0
2, 0.0, 8.0, 29.0, 7.0, 9.0, 32.0, 1.0, 3.0, 42.9
2, 9.0, 0.0, 46.5, 0.0, 8.0, 29.0, 1.0, 3.0, 43.9
2, 0.0, 8.0, 34.0, 7.0, 9.0, 30.0, 1.0, 3.0, 49.1
3, 9.0, 0.0, 34.8, 0.0, 8.0, 34.0, 7.0, 9.0, 32.0, 1.0, 3.0, 49.1
2, 3.0, 3.0, 58.0, 0.0, 8.0, 36.0, 3.0, 2.0, 41.9
3, 9.0, 0.0, 42.6, 3.0, 3.0, 66.0, 7.0, 9.0, 31.0, 3.0, 2.0, 45.0
2, 0.0, 8.0, 33.0, 7.0, 9.0, 27.0, 3.0, 2.0, 35.7
2, 3.0, 3.0, 55.0, 0.0, 8.0, 37.0, 3.0, 2.0, 37.7
3, 9.0, 0.0, 43.9, 0.0, 8.0, 33.0, 7.0, 9.0, 28.0, 3.0, 2.0, 46.0
4, 9.0, 0.0, 33.5, 3.0, 3.0, 63.0, 0.0, 8.0, 32.0, 7.0, 9.0, 29.0, 3.0, 2.0, 46.0
2, 9.0, 0.0, 50.4, 3.0, 3.0, 64.0, 6.0, 1.0, 54.2
3, 9.0, 0.0, 42.6, 3.0, 3.0, 62.0, 7.0, 9.0, 28.0, 6.0, 1.0, 46.0
2, 9.0, 0.0, 43.9, 7.0, 9.0, 27.0, 6.0, 1.0, 46.0
2, 9.0, 0.0, 40.0, 0.0, 8.0, 33.0, 6.0, 1.0, 52.2
2, 9.0, 0.0, 46.5, 3.0, 3.0, 61.0, 6.0, 1.0, 51.1
2, 3.0, 3.0, 66.0, 0.0, 8.0, 36.0, 6.0, 1.0, 57.3
4, 9.0, 0.0, 37.4, 3.0, 3.0, 66.0, 0.0, 8.0, 41.0, 7.0, 9.0, 35.0, 6.0, 1.0, 52.2
2, 3.0, 3.0, 67.0, 0.0, 8.0, 29.0, 6.0, 1.0, 42.9
4, 9.0, 0.0, 41.3, 3.0, 3.0, 64.0, 0.0, 8.0, 30.0, 7.0, 9.0, 32.0, 6.0, 1.0, 51.1
3, 3.0, 3.0, 64.0, 0.0, 8.0, 41.0, 7.0, 9.0, 32.0, 8.0, 0.0, 51.1
3, 9.0, 0.0, 43.9, 0.0, 8.0, 30.0, 7.0, 9.0, 30.0, 8.0, 0.0, 42.9
3, 3.0, 3.0, 57.0, 0.0, 8.0, 36.0, 7.0, 9.0, 30.0, 8.0, 0.0, 46.0
2, 9.0, 0.0, 33.5, 0.0, 8.0, 34.0, 8.0, 0.0, 36.7
4, 9.0, 0.0, 49.1, 3.0, 3.0, 57.0, 0.0, 8.0, 38.0, 7.0, 9.0, 26.0, 8.0, 0.0, 39.8
3, 3.0, 3.0, 55.0, 0.0, 8.0, 35.0, 7.0, 9.0, 32.0, 8.0, 0.0, 42.9
3, 3.0, 3.0, 61.0, 0.0, 8.0, 32.0, 7.0, 9.0, 32.0, 8.0, 0.0, 51.1
4, 9.0, 0.0, 49.1, 3.0, 3.0, 58.0, 0.0, 8.0, 34.0, 7.0, 9.0, 30.0, 8.0, 0.0, 47.0
3, 3.0, 3.0, 63.0, 0.0, 8.0, 39.0, 7.0, 9.0, 30.0, 9.0, 2.0, 36.7
2, 9.0, 0.0, 36.1, 7.0, 9.0, 27.0, 9.0, 2.0, 39.8
2, 3.0, 3.0, 67.0, 0.0, 8.0, 40.0, 9.0, 2.0, 69.7
4, 9.0, 0.0, 34.8, 3.0, 3.0, 62.0, 0.0, 8.0, 38.0, 7.0, 9.0, 34.0, 9.0, 2.0, 38.8
2, 9.0, 0.0, 41.3, 0.0, 8.0, 36.0, 9.0, 2.0, 43.9
2, 3.0, 3.0, 58.0, 0.0, 8.0, 40.0, 9.0, 2.0, 59.4
2, 3.0, 3.0, 57.0, 0.0, 8.0, 41.0, 9.0, 2.0, 58.3
2, 0.0, 8.0, 28.0, 7.0, 9.0, 35.0, 9.0, 2.0, 53.2
3, 9.0, 0.0, 38.7, 3.0, 3.0, 65.0, 0.0, 8.0, 34.0, 9.0, 2.0, 46.0
3, 9.0, 0.0, 40.0, 3.0, 3.0, 68.0, 0.0, 8.0, 28.0, 8.0, 3.0, 38.8
2, 0.0, 8.0, 28.0, 7.0, 9.0, 30.0, 8.0, 3.0, 51.1
3, 9.0, 0.0, 38.7, 3.0, 3.0, 55.0, 0.0, 8.0, 33.0, 8.0, 3.0, 53.2
2, 3.0, 3.0, 67.0, 0.0, 8.0, 38.0, 8.0, 3.0, 66.6
4, 9.0, 0.0, 40.0, 3.0, 3.0, 55.0, 0.0, 8.0, 36.0, 7.0, 9.0, 28.0, 8.0, 3.0, 46.0
3, 9.0, 0.0, 36.1, 0.0, 8.0, 41.0, 7.0, 9.0, 35.0, 8.0, 3.0, 52.2
3, 9.0, 0.0, 42.6, 3.0, 3.0, 60.0, 7.0, 9.0, 34.0, 8.0, 3.0, 53.2
4, 9.0, 0.0, 41.3, 3.0, 3.0, 67.0, 0.0, 8.0, 31.0, 7.0, 9.0, 35.0, 8.0, 3.0, 51.1
3, 3.0, 3.0, 59.0, 0.0, 8.0, 36.0, 7.0, 9.0, 34.0, 6.0, 4.0, 47.0
2, 9.0, 0.0, 50.4, 7.0, 9.0, 27.0, 6.0, 4.0, 37.7
2, 3.0, 3.0, 58.0, 7.0, 9.0, 34.0, 6.0, 4.0, 46.0
2, 3.0, 3.0, 55.0, 7.0, 9.0, 25.0, 6.0, 4.0, 32.6
4, 9.0, 0.0, 43.9, 3.0, 3.0, 60.0, 0.0, 8.0, 37.0, 7.0, 9.0, 31.0, 6.0, 4.0, 45.0
2, 3.0, 3.0, 65.0, 0.0, 8.0, 41.0, 6.0, 4.0, 54.2
2, 9.0, 0.0, 45.2, 0.0, 8.0, 34.0, 6.0, 4.0, 58.3
3, 3.0, 3.0, 62.0, 0.0, 8.0, 35.0, 7.0, 9.0, 28.0, 6.0, 4.0, 36.7
4, 9.0, 0.0, 36.1, 3.0, 3.0, 60.0, 0.0, 8.0, 35.0, 7.0, 9.0, 28.0, 4.0, 5.0, 33.6
2, 9.0, 0.0, 41.3, 7.0, 9.0, 34.0, 4.0, 5.0, 48.0
3, 9.0, 0.0, 41.3, 3.0, 3.0, 55.0, 7.0, 9.0, 35.0, 4.0, 5.0, 45.0
4, 9.0, 0.0, 46.5, 3.0, 3.0, 58.0, 0.0, 8.0, 29.0, 7.0, 9.0, 30.0, 4.0, 5.0, 41.9
3, 9.0, 0.0, 33.5, 0.0, 8.0, 35.0, 7.0, 9.0, 28.0, 4.0, 5.0, 52.2
2, 9.0, 0.0, 45.2, 3.0, 3.0, 55.0, 4.0, 5.0, 45.0
3, 9.0, 0.0, 50.4, 3.0, 3.0, 59.0, 7.0, 9.0, 27.0, 4.0, 5.0, 35.7
3, 9.0, 0.0, 36.1, 3.0, 3.0, 61.0, 7.0, 9.0, 30.0, 1.0, 4.0, 41.9
2, 9.0, 0.0, 43.9, 3.0, 3.0, 61.0, 1.0, 4.0, 41.9
2, 3.0, 3.0, 61.0, 7.0, 9.0, 34.0, 1.0, 4.0, 41.9
4, 9.0, 0.0, 33.5, 3.0, 3.0, 64.0, 0.0, 8.0, 32.0, 7.0, 9.0, 34.0, 1.0, 4.0, 45.0
3, 9.0, 0.0, 38.7, 3.0, 3.0, 68.0, 7.0, 9.0, 31.0, 1.0, 4.0, 46.0
4, 9.0, 0.0, 46.5, 3.0, 3.0, 66.0, 0.0, 8.0, 40.0, 7.0, 9.0, 35.0, 1.0, 4.0, 48.0
2, 9.0, 0.0, 46.5, 0.0, 8.0, 28.0, 1.0, 4.0, 47.0
3, 9.0, 0.0, 47.8, 0.0, 8.0, 41.0, 7.0, 9.0, 35.0, 1.0, 4.0, 52.2
2, 9.0, 0.0, 38.7, 7.0, 9.0, 31.0, 1.0, 4.0, 49.1
4, 9.0, 0.0, 46.5, 3.0, 3.0, 58.0, 0.0, 8.0, 30.0, 7.0, 9.0, 30.0, 0.0, 7.0, 40.8
2, 3.0, 3.0, 64.0, 7.0, 9.0, 31.0, 0.0, 7.0, 47.0
4, 9.0, 0.0, 42.6, 3.0, 3.0, 61.0, 0.0, 8.0, 30.0, 7.0, 9.0, 27.0, 0.0, 7.0, 40.8
3, 9.0, 0.0, 36.1, 3.0, 3.0, 62.0, 7.0, 9.0, 32.0, 0.0, 7.0, 61.4
3, 9.0, 0.0, 40.0, 3.0, 3.0, 68.0, 0.0, 8.0, 38.0, 0.0, 7.0, 58.3
4, 9.0, 0.0, 50.4, 3.0, 3.0, 58.0, 0.0, 8.0, 38.0, 7.0, 9.0, 28.0, 0.0, 7.0, 40.8
3, 9.0, 0.0, 46.5, 3.0, 3.0, 65.0, 0.0, 8.0, 36.0, 0.0, 7.0, 48.0
2, 9.0, 0.0, 33.5, 0.0, 8.0, 41.0, 0.0, 7.0, 61.4
3, 9.0, 0.0, 43.9, 0.0, 8.0, 39.0, 7.0, 9.0, 31.0, 0.0, 7.0, 48.0
4, 9.0, 0.0, 43.9, 3.0, 3.0, 63.0, 0.0, 8.0, 29.0, 7.0, 9.0, 33.0, 0.0, 7.0, 36.7
4, 9.0, 0.0, 33.5, 3.0, 3.0, 65.0, 0.0, 8.0, 34.0, 7.0, 9.0, 29.0, 2.0, 9.0, 49.1
3, 9.0, 0.0, 40.0, 3.0, 3.0, 58.0, 7.0, 9.0, 25.0, 2.0, 9.0, 50.1
4, 9.0, 0.0, 40.0, 3.0, 3.0, 65.0, 0.0, 8.0, 40.0, 7.0, 9.0, 30.0, 2.0, 9.0, 46.0
3, 3.0, 3.0, 63.0, 0.0, 8.0, 38.0, 7.0, 9.0, 35.0, 3.0, 9.0, 58.3
3, 9.0, 0.0, 37.4, 3.0, 3.0, 62.0, 7.0, 9.0, 28.0, 3.0, 9.0, 58.3
3, 9.0, 0.0, 34.8, 3.0, 3.0, 67.0, 7.0, 9.0, 26.0, 3.0, 9.0, 33.6
2, 9.0, 0.0, 47.8, 0.0, 8.0, 34.0, 3.0, 9.0, 58.3
2, 3.0, 3.0, 63.0, 0.0, 8.0, 38.0, 3.0, 9.0, 46.0
3, 9.0, 0.0, 40.0, 3.0, 3.0, 61.0, 7.0, 9.0, 33.0, 3.0, 9.0, 52.2
3, 3.0, 3.0, 56.0, 0.0, 8.0, 31.0, 7.0, 9.0, 34.0, 3.0, 9.0, 50.1
3, 9.0, 0.0, 41.3, 3.0, 3.0, 65.0, 7.0, 9.0, 33.0, 3.0, 9.0, 53.2
4, 9.0, 0.0, 46.5, 3.0, 3.0, 62.0, 0.0, 8.0, 29.0, 7.0, 9.0, 33.0, 3.0, 9.0, 46.0
3, 9.0, 0.0, 36.1, 3.0, 3.0, 64.0, 7.0, 9.0, 32.0, 3.0, 9.0, 51.1
4, 9.0, 0.0, 40.0, 3.0, 3.0, 58.0, 0.0, 8.0, 39.0, 7.0, 9.0, 31.0, 5.0, 6.0, 47.0
2, 0.0, 8.0, 31.0, 7.0, 9.0, 30.0, 5.0, 6.0, 50.1
2, 0.0, 8.0, 35.0, 7.0, 9.0, 32.0, 5.0, 6.0, 52.2
2, 0.0, 8.0, 29.0, 7.0, 9.0, 28.0, 5.0, 6.0, 47.0
4, 9.0, 0.0, 46.5, 3.0, 3.0, 59.0, 0.0, 8.0, 32.0, 7.0, 9.0, 29.0, 5.0, 6.0, 48.0
4, 9.0, 0.0, 41.3, 3.0, 3.0, 59.0, 0.0, 8.0, 34.0, 7.0, 9.0, 25.0, 5.0, 6.0, 46.0
4, 9.0, 0.0, 37.4, 3.0, 3.0, 61.0, 0.0, 8.0, 34.0, 7.0, 9.0, 35.0, 5.0, 6.0, 52.2
2, 9.0, 0.0, 36.1, 3.0, 3.0, 65.0, 5.0, 6.0, 57.3
4, 9.0, 0.0, 42.6, 3.0, 3.0, 63.0, 0.0, 8.0, 31.0, 7.0, 9.0, 27.0, 5.0, 6.0, 42.9
3, 9.0, 0.0, 50.4, 3.0, 3.0, 56.0, 7.0, 9.0, 35.0, 5.0, 6.0, 45.0
3, 9.0, 0.0, 36.1, 3.0, 3.0, 66.0, 0.0, 8.0, 37.0, 8.0, 8.0, 59.4
3, 9.0, 0.0, 47.8, 3.0, 3.0, 58.0, 0.0, 8.0, 35.0, 8.0, 8.0, 54.2
2, 9.0, 0.0, 45.2, 3.0, 3.0, 62.0, 8.0, 8.0, 60.4
3, 9.0, 0.0, 45.2, 3.0, 3.0, 62.0, 7.0, 9.0, 29.0, 8.0, 8.0, 41.9
4, 9.0, 0.0, 36.1, 3.0, 3.0, 68.0, 0.0, 8.0, 29.0, 7.0, 9.0, 33.0, 8.0, 8.0, 25.4
2, 9.0, 0.0, 46.5, 3.0, 3.0, 66.0, 8.0, 8.0, 65.5
4, 9.0, 0.0, 38.7, 3.0, 3.0, 63.0, 0.0, 8.0, 38.0, 7.0, 9.0, 29.0, 8.0, 8.0, 38.8
2, 0.0, 8.0, 41.0, 7.0, 9.0, 33.0, 8.0, 8.0, 58.3
2, 3.0, 3.0, 60.0, 7.0, 9.0, 26.0, 8.0, 8.0, 36.7
4, 9.0, 0.0, 46.5, 3.0, 3.0, 59.0, 0.0, 8.0, 34.0, 7.0, 9.0, 30.0, 8.0, 8.0, 42.9
3, 6.0, 1.0, 45.2, 0.0, 2.0, 63.0, 3.0, 8.0, 33.0, 8.0, 8.0, 50.1
3, 6.0, 1.0, 43.9, 0.0, 2.0, 64.0, 3.0, 8.0, 36.0, 8.0, 8.0, 52.2
4, 6.0, 1.0, 43.9, 0.0, 2.0, 65.0, 3.0, 8.0, 37.0, 8.0, 9.0, 32.0, 8.0, 8.0, 45.0
2, 3.0, 8.0, 34.0, 8.0, 9.0, 27.0, 8.0, 8.0, 46.0
3, 6.0, 1.0, 34.8, 0.0, 2.0, 65.0, 3.0, 8.0, 30.0, 8.0, 8.0, 43.9
4, 6.0, 1.0, 49.1, 0.0, 2.0, 63.0, 3.0, 8.0, 30.0, 8.0, 9.0, 33.0, 8.0, 8.0, 43.9
4, 6.0, 1.0, 49.1, 0.0, 2.0, 68.0, 3.0, 8.0, 36.0, 8.0, 9.0, 26.0, 8.0, 8.0, 28.5
3, 6.0, 1.0, 47.8, 3.0, 8.0, 39.0, 8.0, 9.0, 31.0, 8.0, 8.0, 33.6
3, 0.0, 2.0, 65.0, 3.0, 8.0, 32.0, 8.0, 9.0, 33.0, 8.0, 8.0, 47.0
3, 6.0, 1.0, 36.1, 0.0, 2.0, 58.0, 3.0, 8.0, 30.0, 5.0, 8.0, 48.0
3, 6.0, 1.0, 47.8, 0.0, 2.0, 59.0, 3.0, 8.0, 38.0, 5.0, 8.0, 58.3
2, 6.0, 1.0, 42.6, 8.0, 9.0, 33.0, 5.0, 8.0, 58.3
2, 0.0, 2.0, 67.0, 8.0, 9.0, 35.0, 5.0, 8.0, 55.2
4, 6.0, 1.0, 33.5, 0.0, 2.0, 67.0, 3.0, 8.0, 28.0, 8.0, 9.0, 32.0, 5.0, 8.0, 41.9
3, 6.0, 1.0, 46.5, 3.0, 8.0, 28.0, 8.0, 9.0, 26.0, 5.0, 8.0, 45.0
3, 0.0, 2.0, 63.0, 3.0, 8.0, 32.0, 8.0, 9.0, 26.0, 5.0, 8.0, 39.8
4, 6.0, 1.0, 41.3, 0.0, 2.0, 61.0, 3.0, 8.0, 34.0, 8.0, 9.0, 27.0, 5.0, 8.0, 37.7
4, 6.0, 1.0, 46.5, 0.0, 2.0, 60.0, 3.0, 8.0, 31.0, 8.0, 9.0, 33.0, 5.0, 8.0, 48.0
4, 6.0, 1.0, 50.4, 0.0, 2.0, 66.0, 3.0, 8.0, 41.0, 8.0, 9.0, 31.0, 3.0, 6.0, 39.8
2, 3.0, 8.0, 39.0, 8.0, 9.0, 28.0, 3.0, 6.0, 36.7
2, 6.0, 1.0, 34.8, 8.0, 9.0, 28.0, 3.0, 6.0, 40.8
3, 6.0, 1.0, 47.8, 3.0, 8.0, 32.0, 8.0, 9.0, 25.0, 3.0, 6.0, 31.6
3, 0.0, 2.0, 56.0, 3.0, 8.0, 28.0, 8.0, 9.0, 33.0, 3.0, 6.0, 52.2
4, 6.0, 1.0, 49.1, 0.0, 2.0, 67.0, 3.0, 8.0, 31.0, 8.0, 9.0, 26.0, 3.0, 6.0, 35.7
2, 0.0, 2.0, 64.0, 8.0, 9.0, 33.0, 3.0, 6.0, 48.0
3, 6.0, 1.0, 38.7, 0.0, 2.0, 56.0, 8.0, 9.0, 29.0, 3.0, 6.0, 42.9
3, 6.0, 1.0, 40.0, 0.0, 2.0, 66.0, 3.0, 8.0, 28.0, 3.0, 6.0, 37.7
4, 6.0, 1.0, 38.7, 0.0, 2.0, 61.0, 3.0, 8.0, 39.0, 8.0, 9.0, 31.0, 3.0, 6.0, 52.2
3, 6.0, 1.0, 37.4, 3.0, 8.0, 33.0, 8.0, 9.0, 33.0, 3.0, 6.0, 45.0
2, 6.0, 1.0, 46.5, 0.0, 2.0, 58.0, 3.0, 6.0, 61.4
4, 6.0, 1.0, 46.5, 0.0, 2.0, 64.0, 3.0, 8.0, 32.0, 8.0, 9.0, 34.0, 1.0, 7.0, 45.0
4, 6.0, 1.0, 46.5, 0.0, 2.0, 68.0, 3.0, 8.0, 36.0, 8.0, 9.0, 27.0, 1.0, 7.0, 47.0
4, 6.0, 1.0, 38.7, 0.0, 2.0, 67.0, 3.0, 8.0, 29.0, 8.0, 9.0, 33.0, 1.0, 7.0, 40.8
3, 0.0, 2.0, 63.0, 3.0, 8.0, 28.0, 8.0, 9.0, 31.0, 1.0, 7.0, 46.0
3, 0.0, 2.0, 61.0, 3.0, 8.0, 28.0, 8.0, 9.0, 28.0, 1.0, 7.0, 33.6
2, 0.0, 2.0, 58.0, 3.0, 8.0, 28.0, 1.0, 7.0, 42.9
2, 3.0, 8.0, 29.0, 8.0, 9.0, 32.0, 1.0, 7.0, 46.0
2, 6.0, 1.0, 43.9, 8.0, 9.0, 25.0, 1.0, 7.0, 46.0
3, 6.0, 1.0, 33.5, 3.0, 8.0, 35.0, 8.0, 9.0, 32.0, 1.0, 7.0, 52.2
4, 6.0, 1.0, 41.3, 0.0, 2.0, 58.0, 3.0, 8.0, 41.0, 8.0, 9.0, 26.0, 1.0, 7.0, 39.8
3, 6.0, 1.0, 41.3, 0.0, 2.0, 57.0, 8.0, 9.0, 31.0, 1.0, 7.0, 52.2
3, 6.0, 1.0, 34.8, 3.0, 8.0, 36.0, 8.0, 9.0, 34.0, 1.0, 7.0, 50.1
3, 0.0, 2.0, 60.0, 3.0, 8.0, 35.0, 8.0, 9.0, 27.0, 1.0, 7.0, 45.0
2, 6.0, 1.0, 33.5, 0.0, 2.0, 65.0, 1.0, 7.0, 50.1
3, 6.0, 1.0, 38.7, 0.0, 2.0, 60.0, 8.0, 9.0, 31.0, 1.0, 7.0, 51.1
2, 0.0, 2.0, 64.0, 8.0, 9.0, 32.0, 1.0, 7.0, 53.2
3, 0.0, 2.0, 67.0, 3.0, 8.0, 31.0, 8.0, 9.0, 26.0, 1.0, 7.0, 37.7
2, 6.0, 1.0, 50.4, 8.0, 9.0, 34.0, 1.0, 7.0, 56.3
4, 6.0, 1.0, 43.9, 0.0, 2.0, 58.0, 3.0, 8.0, 40.0, 8.0, 9.0, 33.0, 2.0, 5.0, 52.2
4, 6.0, 1.0, 41.3, 0.0, 2.0, 63.0, 3.0, 8.0, 40.0, 8.0, 9.0, 30.0, 2.0, 5.0, 47.0
2, 0.0, 2.0, 56.0, 8.0, 9.0, 29.0, 2.0, 5.0, 48.0
2, 6.0, 1.0, 38.7, 3.0, 8.0, 38.0, 2.0, 5.0, 58.3
2, 6.0, 1.0, 36.1, 8.0, 9.0, 25.0, 2.0, 5.0, 42.9
4, 6.0, 1.0, 49.1, 0.0, 2.0, 56.0, 3.0, 8.0, 33.0, 8.0, 9.0, 30.0, 2.0, 5.0, 49.1
2, 6.0, 1.0, 40.0, 0.0, 2.0, 56.0, 2.0, 5.0, 59.4
4, 6.0, 1.0, 40.0, 0.0, 2.0, 62.0, 3.0, 8.0, 28.0, 8.0, 9.0, 32.0, 2.0, 5.0, 45.0
3, 0.0, 2.0, 63.0, 3.0, 8.0, 35.0, 8.0, 9.0, 28.0, 2.0, 5.0, 43.9
4, 6.0, 1.0, 50.4, 0.0, 2.0, 63.0, 3.0, 8.0, 38.0, 8.0, 9.0, 27.0, 2.0, 5.0, 40.8
3, 6.0, 1.0, 49.1, 3.0, 8.0, 34.0, 8.0, 9.0, 26.0, 2.0, 5.0, 41.9
4, 6.0, 1.0, 43.9, 0.0, 2.0, 57.0, 3.0, 8.0, 28.0, 8.0, 9.0, 26.0, 2.0, 5.0, 42.9
3, 6.0, 1.0, 47.8, 0.0, 2.0, 57.0, 8.0, 9.0, 33.0, 6.0, 4.0, 61.4
3, 6.0, 1.0, 34.8, 3.0, 8.0, 31.0, 8.0, 9.0, 30.0, 6.0, 4.0, 45.0
3, 6.0, 1.0, 37.4, 3.0, 8.0, 32.0, 8.0, 9.0, 34.0, 6.0, 4.0, 46.0
4, 6.0, 1.0, 46.5, 0.0, 2.0, 58.0, 3.0, 8.0, 29.0, 8.0, 9.0, 27.0, 6.0, 4.0, 39.8
4, 6.0, 1.0, 34.8, 0.0, 2.0, 56.0, 3.0, 8.0, 38.0, 8.0, 9.0, 35.0, 6.0, 4.0, 52.2
2, 0.0, 2.0, 56.0, 8.0, 9.0, 26.0, 6.0, 4.0, 58.3
3, 6.0, 1.0, 46.5, 3.0, 8.0, 38.0, 8.0, 9.0, 26.0, 6.0, 4.0, 49.1
3, 6.0, 1.0, 36.1, 0.0, 2.0, 60.0, 8.0, 9.0, 35.0, 6.0, 4.0, 55.2
4, 6.0, 1.0, 34.8, 0.0, 2.0, 58.0, 3.0, 8.0, 33.0, 8.0, 9.0, 29.0, 6.0, 4.0, 46.0
2, 3.0, 8.0, 37.0, 8.0, 9.0, 34.0, 6.0, 4.0, 64.5
3, 6.0, 1.0, 49.1, 0.0, 2.0, 61.0, 3.0, 8.0, 39.0, 6.0, 4.0, 64.5
2, 0.0, 2.0, 62.0, 3.0, 8.0, 31.0, 9.0, 4.0, 67.6
2, 6.0, 1.0, 43.9, 3.0, 8.0, 31.0, 9.0, 4.0, 52.2
3, 0.0, 2.0, 68.0, 3.0, 8.0, 32.0, 8.0, 9.0, 33.0, 9.0, 4.0, 58.3
3, 6.0, 1.0, 50.4, 0.0, 2.0, 58.0, 3.0, 8.0, 36.0, 9.0, 4.0, 57.3
3, 6.0, 1.0, 46.5, 0.0, 2.0, 55.0, 3.0, 8.0, 30.0, 9.0, 4.0, 59.4
4, 6.0, 1.0, 38.7, 0.0, 2.0, 55.0, 3.0, 8.0, 28.0, 8.0, 9.0, 27.0, 9.0, 4.0, 48.0
4, 6.0, 1.0, 38.7, 0.0, 2.0, 56.0, 3.0, 8.0, 37.0, 8.0, 9.0, 30.0, 9.0, 4.0, 49.1
2, 6.0, 1.0, 46.5, 0.0, 2.0, 66.0, 9.0, 4.0, 54.2
4, 6.0, 1.0, 46.5, 0.0, 2.0, 55.0, 3.0, 8.0, 30.0, 8.0, 9.0, 35.0, 9.0, 4.0, 54.2
2, 6.0, 1.0, 47.8, 8.0, 9.0, 31.0, 9.0, 4.0, 55.2
4, 6.0, 1.0, 33.5, 0.0, 2.0, 63.0, 3.0, 8.0, 36.0, 8.0, 9.0, 34.0, 9.0, 4.0, 42.9
3, 6.0, 1.0, 42.6, 0.0, 2.0, 56.0, 3.0, 8.0, 29.0, 8.0, 2.0, 37.7
4, 6.0, 1.0, 42.6, 0.0, 2.0, 55.0, 3.0, 8.0, 36.0, 8.0, 9.0, 32.0, 8.0, 2.0, 43.9
2, 3.0, 8.0, 30.0, 8.0, 9.0, 29.0, 8.0, 2.0, 49.1
2, 6.0, 1.0, 34.8, 3.0, 8.0, 31.0, 8.0, 2.0, 38.8
3, 6.0, 1.0, 41.3, 0.0, 2.0, 64.0, 8.0, 9.0, 29.0, 8.0, 2.0, 42.9
2, 6.0, 1.0, 36.1, 3.0, 8.0, 32.0, 8.0, 2.0, 39.8
4, 6.0, 1.0, 40.0, 0.0, 2.0, 56.0, 3.0, 8.0, 32.0, 8.0, 9.0, 29.0, 8.0, 2.0, 42.9
2, 3.0, 8.0, 36.0, 8.0, 9.0, 25.0, 8.0, 2.0, 52.2
4, 6.0, 1.0, 37.4, 0.0, 2.0, 61.0, 3.0, 8.0, 36.0, 8.0, 9.0, 31.0, 8.0, 2.0, 39.8
3, 6.0, 1.0, 49.1, 0.0, 2.0, 59.0, 8.0, 9.0, 29.0, 6.0, 2.0, 51.1
2, 0.0, 2.0, 67.0, 3.0, 8.0, 37.0, 6.0, 2.0, 60.4
4, 6.0, 1.0, 41.3, 0.0, 2.0, 60.0, 3.0, 8.0, 28.0, 8.0, 9.0, 25.0, 6.0, 2.0, 41.9
3, 0.0, 2.0, 65.0, 3.0, 8.0, 35.0, 8.0, 9.0, 26.0, 6.0, 2.0, 53.2
2, 0.0, 2.0, 63.0, 3.0, 8.0, 36.0, 6.0, 2.0, 54.2
4, 6.0, 1.0, 36.1, 0.0, 2.0, 67.0, 3.0, 8.0, 36.0, 8.0, 9.0, 31.0, 6.0, 2.0, 42.9
2, 6.0, 1.0, 41.3, 0.0, 2.0, 67.0, 6.0, 2.0, 48.0
4, 6.0, 1.0, 42.6, 0.0, 2.0, 68.0, 3.0, 8.0, 35.0, 8.0, 9.0, 33.0, 6.0, 2.0, 49.1
3, 6.0, 1.0, 45.2, 0.0, 2.0, 66.0, 3.0, 8.0, 38.0, 6.0, 2.0, 51.1
4, 6.0, 1.0, 50.4, 0.0, 2.0, 66.0, 3.0, 8.0, 33.0, 8.0, 9.0, 26.0, 6.0, 2.0, 51.1
2, 0.0, 2.0, 67.0, 8.0, 9.0, 28.0, 6.0, 2.0, 57.3
3, 6.0, 1.0, 38.7, 0.0, 2.0, 62.0, 8.0, 9.0, 34.0, 3.0, 2.0, 63.5
4, 6.0, 1.0, 33.5, 0.0, 2.0, 67.0, 3.0, 8.0, 40.0, 8.0, 9.0, 30.0, 3.0, 2.0, 59.4
2, 6.0, 1.0, 43.9, 3.0, 8.0, 36.0, 3.0, 2.0, 61.4
4, 6.0, 1.0, 49.1, 0.0, 2.0, 64.0, 3.0, 8.0, 32.0, 8.0, 9.0, 29.0, 3.0, 2.0, 51.1
3, 6.0, 1.0, 49.1, 3.0, 8.0, 38.0, 8.0, 9.0, 34.0, 3.0, 2.0, 60.4
3, 6.0, 1.0, 43.9, 0.0, 2.0, 59.0, 3.0, 8.0, 29.0, 3.0, 2.0, 48.0
3, 0.0, 2.0, 59.0, 3.0, 8.0, 29.0, 8.0, 9.0, 25.0, 3.0, 2.0, 48.0
4, 6.0, 1.0, 50.4, 0.0, 2.0, 63.0, 3.0, 8.0, 36.0, 8.0, 9.0, 33.0, 3.0, 2.0, 61.4
2, 3.0, 8.0, 28.0, 8.0, 9.0, 32.0, 3.0, 2.0, 48.0
4, 6.0, 1.0, 46.5, 0.0, 2.0, 56.0, 3.0, 8.0, 39.0, 8.0, 9.0, 26.0, 3.0, 2.0, 55.2
4, 6.0, 1.0, 40.0, 0.0, 2.0, 56.0, 3.0, 8.0, 30.0, 8.0, 9.0, 28.0, 3.0, 2.0, 52.2
3, 6.0, 1.0, 43.9, 0.0, 2.0, 60.0, 3.0, 8.0, 36.0, 1.0, 2.0, 55.2
2, 3.0, 8.0, 30.0, 8.0, 9.0, 31.0, 1.0, 2.0, 52.2
3, 6.0, 1.0, 38.7, 0.0, 2.0, 61.0, 8.0, 9.0, 35.0, 1.0, 2.0, 57.3
4, 6.0, 1.0, 45.2, 0.0, 2.0, 64.0, 3.0, 8.0, 36.0, 8.0, 9.0, 35.0, 1.0, 2.0, 60.4
2, 6.0, 1.0, 47.8, 3.0, 8.0, 36.0, 1.0, 2.0, 62.5
2, 3.0, 8.0, 33.0, 8.0, 9.0, 29.0, 1.0, 2.0, 59.4
3, 6.0, 1.0, 50.4, 3.0, 8.0, 36.0, 8.0, 9.0, 30.0, 1.0, 2.0, 62.5
2, 6.0, 1.0, 47.8, 8.0, 9.0, 30.0, 1.0, 2.0, 62.5
3, 6.0, 1.0, 40.0, 0.0, 2.0, 55.0, 8.0, 9.0, 27.0, 1.0, 2.0, 50.1
3, 6.0, 1.0, 33.5, 0.0, 2.0, 65.0, 8.0, 9.0, 32.0, 1.0, 2.0, 56.3
2, 0.0, 2.0, 66.0, 3.0, 8.0, 37.0, 1.0, 2.0, 52.2
3, 0.0, 2.0, 55.0, 3.0, 8.0, 31.0, 8.0, 9.0, 26.0, 1.0, 2.0, 52.2
4, 7.0, 3.0, 40.0, 1.0, 4.0, 61.0, 3.0, 7.0, 33.0, 7.0, 7.0, 33.0, 2.0, 2.0, 54.2
4, 7.0, 3.0, 37.4, 1.0, 4.0, 61.0, 3.0, 7.0, 28.0, 7.0, 7.0, 31.0, 2.0, 2.0, 32.6
2, 7.0, 3.0, 47.8, 3.0, 7.0, 38.0, 2.0, 2.0, 62.5
3, 1.0, 4.0, 56.0, 3.0, 7.0, 39.0, 7.0, 7.0, 30.0, 2.0, 2.0, 56.3
4, 7.0, 3.0, 49.1, 1.0, 4.0, 61.0, 3.0, 7.0, 29.0, 7.0, 7.0, 35.0, 2.0, 2.0, 39.8
3, 7.0, 3.0, 46.5, 3.0, 7.0, 36.0, 7.0, 7.0, 28.0, 2.0, 2.0, 55.2
3, 1.0, 4.0, 55.0, 3.0, 7.0, 38.0, 7.0, 7.0, 34.0, 2.0, 2.0, 59.4
4, 7.0, 3.0, 47.8, 1.0, 4.0, 57.0, 3.0, 7.0, 41.0, 7.0, 7.0, 35.0, 2.0, 2.0, 61.4
4, 7.0, 3.0, 37.4, 1.0, 4.0, 56.0, 3.0, 7.0, 30.0, 7.0, 7.0, 32.0, 2.0, 2.0, 52.2
2, 7.0, 3.0, 36.1, 1.0, 4.0, 59.0, 2.0, 2.0, 58.3
2, 7.0, 3.0, 37.4, 7.0, 7.0, 33.0, 2.0, 2.0, 59.4
3, 7.0, 3.0, 33.5, 3.0, 7.0, 28.0, 7.0, 7.0, 33.0, 0.0, 3.0, 52.2
3, 7.0, 3.0, 45.2, 3.0, 7.0, 34.0, 7.0, 7.0, 26.0, 0.0, 3.0, 61.4
2, 7.0, 3.0, 50.4, 7.0, 7.0, 27.0, 0.0, 3.0, 54.2
3, 7.0, 3.0, 34.8, 1.0, 4.0, 61.0, 3.0, 7.0, 40.0, 0.0, 3.0, 63.5
2, 3.0, 7.0, 39.0, 7.0, 7.0, 34.0, 0.0, 3.0, 62.5
2, 3.0, 7.0, 39.0, 7.0, 7.0, 27.0, 0.0, 3.0, 55.2
3, 7.0, 3.0, 43.9, 1.0, 4.0, 60.0, 3.0, 7.0, 34.0, 0.0, 3.0, 50.1
3, 7.0, 3.0, 42.6, 3.0, 7.0, 37.0, 7.0, 7.0, 29.0, 5.0, 2.0, 52.2
2, 7.0, 3.0, 40.0, 3.0, 7.0, 29.0, 5.0, 2.0, 47.0
3, 7.0, 3.0, 49.1, 3.0, 7.0, 31.0, 7.0, 7.0, 33.0, 5.0, 2.0, 49.1
3, 7.0, 3.0, 40.0, 1.0, 4.0, 56.0, 3.0, 7.0, 36.0, 5.0, 2.0, 49.1
2, 3.0, 7.0, 31.0, 7.0, 7.0, 32.0, 5.0, 2.0, 50.1
3, 7.0, 3.0, 37.4, 1.0, 4.0, 62.0, 3.0, 7.0, 38.0, 7.0, 1.0, 35.7
2, 7.0, 3.0, 41.3, 3.0, 7.0, 37.0, 7.0, 1.0, 50.1
2, 3.0, 7.0, 38.0, 7.0, 7.0, 35.0, 7.0, 1.0, 58.3
3, 1.0, 4.0, 56.0, 3.0, 7.0, 32.0, 7.0, 7.0, 30.0, 7.0, 1.0, 43.9
4, 7.0, 3.0, 38.7, 1.0, 4.0, 60.0, 3.0, 7.0, 41.0, 7.0, 7.0, 33.0, 7.0, 1.0, 42.9
2, 7.0, 3.0, 38.7, 1.0, 4.0, 59.0, 7.0, 1.0, 42.9
3, 7.0, 3.0, 47.8, 3.0, 7.0, 28.0, 7.0, 7.0, 34.0, 7.0, 1.0, 43.9
2, 7.0, 3.0, 49.1, 3.0, 7.0, 32.0, 9.0, 2.0, 51.1
3, 7.0, 3.0, 42.6, 1.0, 4.0, 62.0, 3.0, 7.0, 39.0, 9.0, 2.0, 41.9
3, 7.0, 3.0, 34.8, 3.0, 7.0, 38.0, 7.0, 7.0, 33.0, 9.0, 2.0, 39.8
3, 7.0, 3.0, 46.5, 3.0, 7.0, 32.0, 7.0, 7.0, 33.0, 8.0, 4.0, 49.1
2, 7.0, 3.0, 36.1, 1.0, 4.0, 59.0, 8.0, 4.0, 36.7
2, 7.0, 3.0, 45.2, 7.0, 7.0, 25.0, 8.0, 4.0, 48.0
2, 7.0, 3.0, 36.1, 3.0, 7.0, 39.0, 8.0, 4.0, 41.9
2, 7.0, 3.0, 49.1, 3.0, 7.0, 33.0, 8.0, 4.0, 51.1
2, 3.0, 7.0, 36.0, 7.0, 7.0, 32.0, 8.0, 4.0, 57.3
2, 1.0, 4.0, 59.0, 7.0, 7.0, 30.0, 8.0, 4.0, 46.0
3, 7.0, 3.0, 49.1, 3.0, 7.0, 34.0, 7.0, 7.0, 35.0, 8.0, 4.0, 51.1
3, 7.0, 3.0, 38.7, 3.0, 7.0, 29.0, 7.0, 7.0, 29.0, 8.0, 4.0, 43.9
3, 7.0, 3.0, 40.0, 3.0, 7.0, 30.0, 7.0, 7.0, 35.0, 6.0, 6.0, 41.9
3, 7.0, 3.0, 33.5, 1.0, 4.0, 59.0, 7.0, 7.0, 34.0, 6.0, 6.0, 36.7
4, 7.0, 3.0, 49.1, 1.0, 4.0, 60.0, 3.0, 7.0, 39.0, 7.0, 7.0, 35.0, 6.0, 6.0, 47.0
2, 7.0, 3.0, 42.6, 1.0, 4.0, 59.0, 6.0, 6.0, 49.1
2, 7.0, 3.0, 42.6, 7.0, 7.0, 26.0, 6.0, 6.0, 41.9
4, 7.0, 3.0, 43.9, 1.0, 4.0, 68.0, 3.0, 7.0, 40.0, 7.0, 7.0, 27.0, 6.0, 6.0, 33.6
2, 7.0, 3.0, 34.8, 7.0, 7.0, 34.0, 6.0, 6.0, 45.0
2, 3.0, 7.0, 39.0, 7.0, 7.0, 35.0, 44.0, 4.0, 62.5
3, 7.0, 3.0, 45.2, 3.0, 7.0, 40.0, 7.0, 7.0, 34.0, 44.0, 4.0, 53.2
2, 1.0, 4.0, 55.0, 3.0, 7.0, 41.0, 44.0, 4.0, 64.5
2, 1.0, 4.0, 58.0, 7.0, 7.0, 26.0, 2.0, 6.0, 53.2
3, 7.0, 3.0, 47.8, 1.0, 4.0, 56.0, 3.0, 7.0, 32.0, 2.0, 6.0, 36.7
4, 7.0, 3.0, 40.0, 1.0, 4.0, 61.0, 3.0, 7.0, 35.0, 7.0, 7.0, 34.0, 2.0, 6.0, 39.8
3, 7.0, 3.0, 34.8, 1.0, 4.0, 62.0, 3.0, 7.0, 36.0, 2.0, 6.0, 49.1
2, 7.0, 3.0, 33.5, 1.0, 4.0, 65.0, 2.0, 6.0, 49.1
4, 7.0, 3.0, 47.8, 1.0, 4.0, 64.0, 3.0, 7.0, 35.0, 7.0, 7.0, 32.0, 2.0, 6.0, 39.8
4, 7.0, 3.0, 46.5, 1.0, 4.0, 56.0, 3.0, 7.0, 40.0, 7.0, 7.0, 35.0, 2.0, 6.0, 47.0
3, 7.0, 3.0, 34.8, 3.0, 7.0, 35.0, 7.0, 7.0, 34.0, 2.0, 6.0, 47.0
2, 7.0, 3.0, 37.4, 7.0, 7.0, 29.0, 2.0, 6.0, 53.2
4, 7.0, 3.0, 40.0, 1.0, 4.0, 61.0, 3.0, 7.0, 35.0, 7.0, 7.0, 35.0, 2.0, 6.0, 31.6
2, 7.0, 3.0, 45.2, 1.0, 4.0, 59.0, 0.0, 5.0, 65.5
3, 7.0, 3.0, 37.4, 1.0, 4.0, 60.0, 7.0, 7.0, 34.0, 0.0, 5.0, 54.2
4, 7.0, 3.0, 45.2, 1.0, 4.0, 57.0, 3.0, 7.0, 36.0, 7.0, 7.0, 31.0, 0.0, 5.0, 52.2
3, 7.0, 3.0, 33.5, 3.0, 7.0, 34.0, 7.0, 7.0, 25.0, 0.0, 5.0, 48.0
2, 7.0, 3.0, 50.4, 3.0, 7.0, 41.0, 1.0, 8.0, 64.5
4, 7.0, 3.0, 41.3, 1.0, 4.0, 58.0, 3.0, 7.0, 30.0, 7.0, 7.0, 30.0, 1.0, 8.0, 32.6
2, 7.0, 3.0, 43.9, 3.0, 7.0, 32.0, 1.0, 8.0, 48.0
2, 3.0, 7.0, 41.0, 7.0, 7.0, 25.0, 1.0, 8.0, 53.2
2, 7.0, 3.0, 33.5, 3.0, 7.0, 31.0, 1.0, 8.0, 47.0
2, 7.0, 3.0, 41.3, 7.0, 7.0, 35.0, 1.0, 8.0, 57.3
2, 7.0, 3.0, 46.5, 3.0, 7.0, 41.0, 1.0, 8.0, 57.3
2, 7.0, 3.0, 42.6, 1.0, 4.0, 62.0, 3.0, 8.0, 69.7
2, 3.0, 7.0, 34.0, 7.0, 7.0, 27.0, 3.0, 8.0, 37.7
2, 7.0, 3.0, 47.8, 7.0, 7.0, 32.0, 3.0, 8.0, 60.4
3, 7.0, 3.0, 36.1, 1.0, 4.0, 59.0, 3.0, 7.0, 37.0, 6.0, 9.0, 46.0
2, 7.0, 3.0, 50.4, 1.0, 4.0, 65.0, 6.0, 9.0, 58.3
2, 7.0, 3.0, 47.8, 1.0, 4.0, 60.0, 9.0, 8.0, 62.5
2, 6.0, 4.0, 42.6, 1.0, 7.0, 31.0, 0.0, 3.0, 48.0
2, 1.0, 7.0, 35.0, 6.0, 9.0, 31.0, 0.0, 3.0, 67.6
3, 6.0, 4.0, 53.0, 0.0, 1.0, 48.0, 1.0, 7.0, 35.0, 0.0, 3.0, 64.5
3, 6.0, 4.0, 41.3, 1.0, 7.0, 36.0, 6.0, 9.0, 30.0, 0.0, 3.0, 58.3
2, 6.0, 4.0, 51.7, 6.0, 9.0, 34.0, 0.0, 3.0, 64.5
3, 6.0, 4.0, 45.2, 0.0, 1.0, 50.0, 6.0, 9.0, 27.0, 0.0, 3.0, 57.3
3, 6.0, 4.0, 42.6, 1.0, 7.0, 35.0, 6.0, 9.0, 28.0, 0.0, 3.0, 64.5
3, 6.0, 4.0, 49.1, 0.0, 1.0, 45.0, 6.0, 9.0, 26.0, 0.0, 3.0, 62.5
4, 6.0, 4.0, 50.4, 0.0, 1.0, 50.0, 1.0, 7.0, 37.0, 6.0, 9.0, 30.0, 0.0, 3.0, 63.5
3, 6.0, 4.0, 50.4, 0.0, 1.0, 49.0, 6.0, 9.0, 27.0, 0.0, 3.0, 63.5
2, 6.0, 4.0, 51.7, 0.0, 1.0, 46.0, 0.0, 3.0, 66.6
3, 0.0, 1.0, 45.0, 1.0, 7.0, 40.0, 6.0, 9.0, 31.0, 0.0, 2.0, 50.1
2, 6.0, 4.0, 42.6, 6.0, 9.0, 31.0, 0.0, 2.0, 59.4
4, 6.0, 4.0, 51.7, 0.0, 1.0, 50.0, 1.0, 7.0, 33.0, 6.0, 9.0, 29.0, 0.0, 2.0, 52.2
2, 0.0, 1.0, 48.0, 6.0, 9.0, 26.0, 0.0, 2.0, 54.2
2, 6.0, 4.0, 53.0, 0.0, 1.0, 45.0, 0.0, 2.0, 51.1
4, 6.0, 4.0, 46.5, 0.0, 1.0, 47.0, 1.0, 7.0, 38.0, 6.0, 9.0, 33.0, 0.0, 2.0, 53.2
3, 6.0, 4.0, 53.0, 1.0, 7.0, 28.0, 6.0, 9.0, 29.0, 0.0, 2.0, 40.8
2, 0.0, 1.0, 50.0, 1.0, 7.0, 34.0, 0.0, 2.0, 56.3
4, 6.0, 4.0, 41.3, 0.0, 1.0, 48.0, 1.0, 7.0, 34.0, 6.0, 9.0, 25.0, 0.0, 2.0, 54.2
4, 6.0, 4.0, 51.7, 0.0, 1.0, 50.0, 1.0, 7.0, 35.0, 6.0, 9.0, 33.0, 0.0, 2.0, 56.3
2, 6.0, 4.0, 53.0, 0.0, 1.0, 46.0, 6.0, 3.0, 56.3
3, 0.0, 1.0, 49.0, 1.0, 7.0, 33.0, 6.0, 9.0, 35.0, 6.0, 3.0, 53.2
4, 6.0, 4.0, 47.8, 0.0, 1.0, 48.0, 1.0, 7.0, 39.0, 6.0, 9.0, 35.0, 6.0, 3.0, 52.2
3, 6.0, 4.0, 47.8, 0.0, 1.0, 48.0, 1.0, 7.0, 36.0, 6.0, 3.0, 49.1
2, 0.0, 1.0, 47.0, 6.0, 9.0, 32.0, 6.0, 3.0, 64.5
2, 0.0, 1.0, 47.0, 6.0, 9.0, 31.0, 6.0, 3.0, 64.5
4, 6.0, 4.0, 46.5, 0.0, 1.0, 46.0, 1.0, 7.0, 29.0, 6.0, 9.0, 26.0, 6.0, 3.0, 41.9
2, 6.0, 4.0, 45.2, 6.0, 9.0, 32.0, 6.0, 3.0, 51.1
3, 0.0, 1.0, 50.0, 1.0, 7.0, 36.0, 6.0, 9.0, 33.0, 6.0, 3.0, 64.5
2, 0.0, 1.0, 45.0, 6.0, 9.0, 34.0, 6.0, 3.0, 62.5
4, 6.0, 4.0, 47.8, 0.0, 1.0, 49.0, 1.0, 7.0, 38.0, 6.0, 9.0, 34.0, 8.0, 2.0, 52.2
2, 6.0, 4.0, 46.5, 1.0, 7.0, 39.0, 8.0, 2.0, 53.2
2, 6.0, 4.0, 51.7, 1.0, 7.0, 36.0, 8.0, 2.0, 57.3
2, 6.0, 4.0, 41.3, 1.0, 7.0, 41.0, 8.0, 2.0, 58.3
2, 6.0, 4.0, 41.3, 6.0, 9.0, 26.0, 8.0, 2.0, 52.2
3, 0.0, 1.0, 47.0, 1.0, 7.0, 29.0, 6.0, 9.0, 28.0, 8.0, 2.0, 58.3
3, 0.0, 1.0, 48.0, 1.0, 7.0, 29.0, 6.0, 9.0, 34.0, 8.0, 2.0, 58.3
4, 6.0, 4.0, 40.0, 0.0, 1.0, 49.0, 1.0, 7.0, 32.0, 6.0, 9.0, 31.0, 8.0, 2.0, 41.9
3, 0.0, 1.0, 50.0, 1.0, 7.0, 36.0, 6.0, 9.0, 28.0, 8.0, 2.0, 56.3
4, 6.0, 4.0, 47.8, 0.0, 1.0, 50.0, 1.0, 7.0, 34.0, 6.0, 9.0, 25.0, 8.0, 2.0, 51.1
2, 6.0, 4.0, 53.0, 0.0, 1.0, 49.0, 7.0, 5.0, 46.0
3, 6.0, 3.0, 46.5, 0.0, 1.0, 46.0, 6.0, 9.0, 26.0, 7.0, 5.0, 48.0
3, 6.0, 3.0, 49.1, 1.0, 7.0, 41.0, 6.0, 9.0, 26.0, 7.0, 5.0, 50.1
3, 6.0, 3.0, 47.8, 1.0, 7.0, 38.0, 6.0, 9.0, 31.0, 7.0, 5.0, 50.1
4, 6.0, 3.0, 50.4, 0.0, 1.0, 47.0, 1.0, 7.0, 37.0, 6.0, 9.0, 28.0, 7.0, 5.0, 50.1
4, 6.0, 3.0, 42.6, 0.0, 1.0, 47.0, 1.0, 7.0, 34.0, 6.0, 9.0, 32.0, 7.0, 5.0, 42.9
4, 6.0, 3.0, 42.6, 0.0, 1.0, 48.0, 1.0, 7.0, 39.0, 6.0, 9.0, 33.0, 7.0, 5.0, 41.9
3, 0.0, 1.0, 46.0, 1.0, 7.0, 38.0, 6.0, 9.0, 32.0, 7.0, 5.0, 55.2
3, 6.0, 3.0, 40.0, 1.0, 7.0, 32.0, 6.0, 9.0, 27.0, 7.0, 5.0, 43.9
4, 6.0, 3.0, 45.2, 0.0, 1.0, 46.0, 1.0, 7.0, 39.0, 6.0, 9.0, 29.0, 7.0, 5.0, 47.0
2, 6.0, 3.0, 43.9, 1.0, 7.0, 34.0, 7.0, 5.0, 47.0
3, 6.0, 3.0, 51.7, 1.0, 7.0, 32.0, 6.0, 9.0, 31.0, 1.0, 8.0, 31.6
3, 6.0, 3.0, 47.8, 0.0, 1.0, 47.0, 1.0, 7.0, 32.0, 1.0, 8.0, 31.6
4, 6.0, 3.0, 41.3, 0.0, 1.0, 50.0, 1.0, 7.0, 39.0, 6.0, 9.0, 25.0, 1.0, 8.0, 40.8
3, 6.0, 3.0, 45.2, 1.0, 7.0, 33.0, 6.0, 9.0, 26.0, 1.0, 8.0, 46.0
2, 0.0, 1.0, 49.0, 1.0, 7.0, 40.0, 1.0, 8.0, 41.9
2, 1.0, 7.0, 36.0, 6.0, 9.0, 35.0, 1.0, 8.0, 37.7
4, 6.0, 3.0, 49.1, 0.0, 1.0, 47.0, 1.0, 7.0, 33.0, 6.0, 9.0, 27.0, 1.0, 8.0, 33.6
4, 6.0, 3.0, 53.0, 0.0, 1.0, 47.0, 1.0, 7.0, 36.0, 6.0, 9.0, 26.0, 1.0, 8.0, 36.7
2, 6.0, 3.0, 42.6, 0.0, 1.0, 49.0, 1.0, 8.0, 52.2
2, 6.0, 3.0, 42.6, 1.0, 7.0, 41.0, 1.0, 8.0, 41.9
3, 6.0, 4.0, 50.4, 0.0, 1.0, 49.0, 1.0, 7.0, 40.0, 1.0, 7.0, 46.0
3, 0.0, 1.0, 49.0, 1.0, 7.0, 37.0, 6.0, 9.0, 32.0, 1.0, 7.0, 33.6
3, 0.0, 1.0, 50.0, 1.0, 7.0, 39.0, 6.0, 9.0, 26.0, 1.0, 7.0, 36.7
3, 6.0, 4.0, 49.1, 1.0, 7.0, 31.0, 6.0, 9.0, 34.0, 1.0, 7.0, 25.4
4, 6.0, 4.0, 45.2, 0.0, 1.0, 50.0, 1.0, 7.0, 30.0, 6.0, 9.0, 33.0, 1.0, 7.0, 22.3
3, 0.0, 1.0, 47.0, 1.0, 7.0, 30.0, 6.0, 9.0, 30.0, 1.0, 7.0, 25.4
2, 1.0, 7.0, 32.0, 6.0, 9.0, 34.0, 1.0, 7.0, 46.0
4, 6.0, 4.0, 42.6, 0.0, 1.0, 47.0, 1.0, 7.0, 37.0, 6.0, 9.0, 29.0, 1.0, 7.0, 46.0
4, 6.0, 4.0, 40.0, 0.0, 1.0, 47.0, 1.0, 7.0, 35.0, 6.0, 9.0, 33.0, 1.0, 7.0, 40.8
3, 0.0, 1.0, 49.0, 1.0, 7.0, 39.0, 6.0, 9.0, 30.0, 6.0, 9.0, 46.0
4, 6.0, 4.0, 49.1, 0.0, 1.0, 46.0, 1.0, 7.0, 35.0, 6.0, 9.0, 27.0, 6.0, 9.0, 46.0
4, 6.0, 4.0, 40.0, 0.0, 1.0, 45.0, 1.0, 7.0, 30.0, 6.0, 9.0, 25.0, 6.0, 9.0, 38.8
3, 6.0, 4.0, 43.9, 0.0, 1.0, 46.0, 1.0, 7.0, 28.0, 6.0, 9.0, 37.7
3, 6.0, 4.0, 47.8, 1.0, 7.0, 30.0, 6.0, 9.0, 33.0, 6.0, 9.0, 41.9
3, 6.0, 4.0, 53.0, 0.0, 1.0, 47.0, 1.0, 7.0, 40.0, 6.0, 9.0, 56.3
3, 0.0, 1.0, 47.0, 1.0, 7.0, 29.0, 6.0, 9.0, 32.0, 6.0, 9.0, 40.8
4, 6.0, 4.0, 40.0, 0.0, 1.0, 49.0, 1.0, 7.0, 31.0, 6.0, 9.0, 27.0, 6.0, 9.0, 40.8
2, 0.0, 1.0, 46.0, 6.0, 9.0, 26.0, 6.0, 9.0, 39.8
2, 6.0, 4.0, 46.5, 1.0, 7.0, 30.0, 6.0, 9.0, 52.2
4, 6.0, 4.0, 41.3, 0.0, 1.0, 47.0, 1.0, 7.0, 41.0, 6.0, 9.0, 32.0, 9.0, 7.0, 50.1
3, 6.0, 4.0, 46.5, 1.0, 7.0, 35.0, 6.0, 9.0, 25.0, 9.0, 7.0, 49.1
4, 6.0, 4.0, 43.9, 0.0, 1.0, 45.0, 1.0, 7.0, 29.0, 6.0, 9.0, 33.0, 9.0, 7.0, 51.1
2, 6.0, 4.0, 40.0, 1.0, 7.0, 39.0, 9.0, 7.0, 51.1
3, 6.0, 4.0, 50.4, 0.0, 1.0, 45.0, 6.0, 9.0, 32.0, 9.0, 7.0, 58.3
4, 6.0, 4.0, 50.4, 0.0, 1.0, 45.0, 1.0, 7.0, 40.0, 6.0, 9.0, 29.0, 9.0, 7.0, 55.2
2, 1.0, 7.0, 30.0, 6.0, 9.0, 29.0, 9.0, 7.0, 55.2
3, 6.0, 4.0, 47.8, 0.0, 1.0, 46.0, 6.0, 9.0, 35.0, 9.0, 7.0, 55.2
4, 6.0, 4.0, 40.0, 0.0, 1.0, 49.0, 1.0, 7.0, 40.0, 6.0, 9.0, 33.0, 9.0, 7.0, 45.0
2, 0.0, 1.0, 45.0, 6.0, 9.0, 32.0, 9.0, 7.0, 64.5
2, 6.0, 4.0, 43.9, 0.0, 1.0, 47.0, 4.0, 6.0, 58.3
4, 6.0, 4.0, 45.2, 0.0, 1.0, 46.0, 1.0, 7.0, 34.0, 6.0, 9.0, 29.0, 4.0, 6.0, 58.3
2, 0.0, 1.0, 49.0, 6.0, 9.0, 34.0, 4.0, 6.0, 64.5
3, 0.0, 1.0, 45.0, 1.0, 7.0, 36.0, 6.0, 9.0, 26.0, 4.0, 6.0, 55.2
2, 6.0, 4.0, 46.5, 1.0, 7.0, 40.0, 4.0, 6.0, 62.5
2, 0.0, 1.0, 50.0, 1.0, 7.0, 30.0, 4.0, 6.0, 57.3
2, 6.0, 4.0, 43.9, 1.0, 7.0, 35.0, 4.0, 6.0, 60.4
4, 6.0, 4.0, 51.7, 0.0, 1.0, 45.0, 1.0, 7.0, 31.0, 6.0, 9.0, 32.0, 4.0, 6.0, 50.1
2, 6.0, 4.0, 41.3, 0.0, 1.0, 45.0, 4.0, 6.0, 56.3
3, 6.0, 4.0, 40.0, 0.0, 1.0, 50.0, 6.0, 9.0, 25.0, 4.0, 6.0, 48.0
