3, 1.0, 2.0, 55, 2.0, 9.0, 56, 8.0, 8.0, 82, 0.0, 3.0, 19
2, 8.0, 1.0, 78, 2.0, 9.0, 62, 0.0, 3.0, 38
3, 1.0, 2.0, 60, 2.0, 9.0, 59, 8.0, 8.0, 82, 0.0, 3.0, 26
4, 8.0, 1.0, 73, 1.0, 2.0, 61, 2.0, 9.0, 55, 8.0, 8.0, 81, 0.0, 3.0, 27
2, 8.0, 1.0, 77, 2.0, 9.0, 66, 0.0, 3.0, 38
2, 1.0, 2.0, 57, 2.0, 9.0, 63, 0.0, 3.0, 23
4, 8.0, 1.0, 82, 1.0, 2.0, 58, 2.0, 9.0, 64, 8.0, 8.0, 83, 0.0, 3.0, 24
4, 8.0, 1.0, 82, 1.0, 2.0, 65, 2.0, 9.0, 57, 8.0, 8.0, 79, 0.0, 3.0, 32
3, 1.0, 2.0, 58, 2.0, 9.0, 63, 8.0, 8.0, 77, 0.0, 3.0, 24
4, 8.0, 1.0, 74, 1.0, 2.0, 60, 2.0, 9.0, 59, 8.0, 8.0, 77, 0.0, 3.0, 27
2, 1.0, 2.0, 63, 8.0, 8.0, 83, 0.0, 1.0, 33
2, 8.0, 1.0, 74, 2.0, 9.0, 55, 0.0, 1.0, -1
4, 8.0, 1.0, 73, 1.0, 2.0, 59, 2.0, 9.0, 59, 8.0, 8.0, 81, 0.0, 1.0, 29
3, 8.0, 1.0, 83, 1.0, 2.0, 58, 8.0, 8.0, 84, 0.0, 1.0, 27
2, 1.0, 2.0, 64, 8.0, 8.0, 84, 0.0, 1.0, 34
2, 1.0, 2.0, 58, 8.0, 8.0, 85, 0.0, 1.0, 28
3, 1.0, 2.0, 61, 2.0, 9.0, 55, 8.0, 8.0, 77, 0.0, 1.0, 31
3, 8.0, 1.0, 71, 1.0, 2.0, 68, 8.0, 8.0, 77, 0.0, 1.0, 35
3, 8.0, 1.0, 74, 1.0, 2.0, 63, 8.0, 8.0, 78, 0.0, 1.0, 30
2, 8.0, 1.0, 83, 1.0, 2.0, 55, 0.0, 1.0, 23
2, 2.0, 9.0, 55, 8.0, 8.0, 78, 2.0, 4.0, 18
3, 1.0, 2.0, 59, 2.0, 9.0, 62, 8.0, 8.0, 78, 2.0, 4.0, 27
4, 8.0, 1.0, 71, 1.0, 2.0, 59, 2.0, 9.0, 56, 8.0, 8.0, 77, 2.0, 4.0, 22
4, 8.0, 1.0, 80, 1.0, 2.0, 65, 2.0, 9.0, 63, 8.0, 8.0, 81, 2.0, 4.0, 24
4, 8.0, 1.0, 77, 1.0, 2.0, 61, 2.0, 9.0, 61, 8.0, 8.0, 83, 2.0, 4.0, 27
2, 1.0, 2.0, 68, 8.0, 8.0, 81, 2.0, 4.0, 35
3, 8.0, 1.0, 72, 2.0, 9.0, 61, 8.0, 8.0, 84, 2.0, 4.0, 27
3, 8.0, 1.0, 78, 2.0, 9.0, 57, 8.0, 8.0, 82, 2.0, 4.0, 23
2, 1.0, 2.0, 61, 2.0, 9.0, 58, 2.0, 4.0, 24
2, 8.0, 1.0, 76, 2.0, 9.0, 59, 2.0, 4.0, 26
4, 8.0, 1.0, 77, 1.0, 2.0, 65, 2.0, 9.0, 65, 8.0, 8.0, 82, 8.0, 3.0, 30
4, 8.0, 1.0, 76, 1.0, 2.0, 66, 2.0, 9.0, 62, 8.0, 8.0, 85, 8.0, 3.0, -1
2, 1.0, 2.0, 61, 8.0, 8.0, 82, 8.0, 3.0, -1
4, 8.0, 1.0, 79, 1.0, 2.0, 58, 2.0, 9.0, 67, 8.0, 8.0, 78, 8.0, 3.0, -1
2, 8.0, 1.0, 70, 8.0, 8.0, 82, 8.0, 3.0, -1
4, 8.0, 1.0, 79, 1.0, 2.0, 63, 2.0, 9.0, 64, 8.0, 8.0, 75, 8.0, 3.0, -1
4, 8.0, 1.0, 70, 1.0, 2.0, 58, 2.0, 9.0, 62, 8.0, 8.0, 81, 8.0, 3.0, -1
4, 8.0, 1.0, 74, 1.0, 2.0, 66, 2.0, 9.0, 64, 8.0, 8.0, 75, 8.0, 3.0, -1
2, 1.0, 2.0, 56, 2.0, 9.0, 62, 8.0, 3.0, 27
2, 8.0, 1.0, 75, 8.0, 8.0, 77, 8.0, 3.0, -1
4, 8.0, 1.0, 74, 1.0, 2.0, 57, 2.0, 9.0, 61, 8.0, 8.0, 78, 9.0, 1.0, 19
4, 8.0, 1.0, 79, 1.0, 2.0, 57, 2.0, 9.0, 64, 8.0, 8.0, 83, 9.0, 1.0, 24
2, 8.0, 1.0, 71, 2.0, 9.0, 60, 9.0, 1.0, 17
4, 8.0, 1.0, 72, 1.0, 2.0, 55, 2.0, 9.0, 66, 8.0, 8.0, 78, 9.0, 1.0, -1
2, 8.0, 1.0, 81, 8.0, 8.0, 78, 9.0, 1.0, 24
2, 8.0, 1.0, 82, 1.0, 2.0, 62, 9.0, 1.0, 27
3, 8.0, 1.0, 77, 1.0, 2.0, 64, 2.0, 9.0, 58, 9.0, 1.0, 22
2, 1.0, 2.0, 68, 2.0, 9.0, 57, 9.0, 1.0, 39
2, 8.0, 1.0, 79, 2.0, 9.0, 57, 9.0, 1.0, 24
4, 8.0, 1.0, 71, 1.0, 2.0, 57, 2.0, 9.0, 63, 8.0, 8.0, 76, 9.0, 1.0, -1
3, 1.0, 2.0, 64, 2.0, 9.0, 67, 8.0, 8.0, 77, 8.0, 5.0, -1
4, 8.0, 1.0, 75, 1.0, 2.0, 56, 2.0, 9.0, 59, 8.0, 8.0, 80, 8.0, 5.0, 6
3, 8.0, 1.0, 74, 1.0, 2.0, 59, 2.0, 9.0, 59, 8.0, 5.0, 27
2, 8.0, 1.0, 73, 8.0, 8.0, 84, 8.0, 5.0, 17
2, 8.0, 1.0, 77, 1.0, 2.0, 66, 8.0, 5.0, 37
2, 8.0, 1.0, 71, 8.0, 8.0, 79, 8.0, 5.0, 12
3, 8.0, 1.0, 72, 2.0, 9.0, 61, 8.0, 8.0, 85, 8.0, 5.0, 25
3, 8.0, 1.0, 78, 2.0, 9.0, 65, 8.0, 8.0, 83, 8.0, 5.0, 15
3, 1.0, 2.0, 57, 2.0, 9.0, 58, 8.0, 8.0, 78, 8.0, 5.0, -1
3, 8.0, 1.0, 82, 2.0, 9.0, 62, 8.0, 8.0, 80, 8.0, 5.0, -1
3, 8.0, 1.0, 77, 1.0, 2.0, 59, 8.0, 8.0, 78, 9.0, 8.0, 37
3, 1.0, 2.0, 67, 2.0, 9.0, 65, 8.0, 8.0, 80, 9.0, 8.0, 36
4, 8.0, 1.0, 80, 1.0, 2.0, 56, 2.0, 9.0, 55, 8.0, 8.0, 75, 9.0, 8.0, 29
2, 8.0, 1.0, 79, 8.0, 8.0, 79, 9.0, 8.0, 42
3, 8.0, 1.0, 73, 1.0, 2.0, 56, 8.0, 8.0, 81, 9.0, 8.0, 42
3, 8.0, 1.0, 81, 2.0, 9.0, 60, 8.0, 8.0, 77, 9.0, 8.0, -1
2, 8.0, 1.0, 78, 2.0, 9.0, 64, 9.0, 8.0, 35
2, 8.0, 1.0, 74, 2.0, 9.0, 61, 9.0, 8.0, 39
3, 8.0, 1.0, 81, 1.0, 2.0, 62, 8.0, 8.0, 76, 9.0, 8.0, 42
3, 8.0, 1.0, 71, 2.0, 9.0, 64, 8.0, 8.0, 84, 9.0, 8.0, 34
4, 8.0, 1.0, 70, 1.0, 2.0, 68, 2.0, 9.0, 55, 8.0, 8.0, 77, 7.0, 7.0, 17
2, 8.0, 1.0, 82, 2.0, 9.0, 63, 7.0, 7.0, 31
4, 8.0, 1.0, 77, 1.0, 2.0, 60, 2.0, 9.0, 58, 8.0, 8.0, 84, 7.0, 7.0, 23
3, 8.0, 1.0, 82, 1.0, 2.0, 64, 8.0, 8.0, 83, 7.0, 7.0, 23
4, 8.0, 1.0, 71, 1.0, 2.0, 64, 2.0, 9.0, 60, 8.0, 8.0, 84, 7.0, 7.0, 27
3, 8.0, 1.0, 70, 1.0, 2.0, 67, 8.0, 8.0, 79, 7.0, 7.0, 18
4, 8.0, 1.0, 74, 1.0, 2.0, 58, 2.0, 9.0, 67, 8.0, 8.0, 77, 7.0, 7.0, 27
2, 1.0, 2.0, 61, 2.0, 9.0, 57, 7.0, 7.0, 23
4, 8.0, 1.0, 74, 1.0, 2.0, 66, 2.0, 9.0, 62, 8.0, 8.0, 80, 7.0, 7.0, 19
2, 8.0, 1.0, 77, 1.0, 2.0, 60, 7.0, 7.0, 35
3, 8.0, 1.0, 70, 1.0, 2.0, 63, 2.0, 9.0, 65, 4.0, 8.0, 26
2, 8.0, 1.0, 80, 2.0, 9.0, 65, 4.0, 8.0, 26
4, 8.0, 1.0, 75, 1.0, 2.0, 55, 2.0, 9.0, 68, 8.0, 8.0, 82, 4.0, 8.0, 29
2, 8.0, 1.0, 76, 2.0, 9.0, 62, 4.0, 8.0, 22
4, 8.0, 1.0, 71, 1.0, 2.0, 59, 2.0, 9.0, 65, 8.0, 8.0, 84, 4.0, 8.0, 25
2, 8.0, 1.0, 74, 8.0, 8.0, 85, 4.0, 8.0, 35
4, 8.0, 1.0, 72, 1.0, 2.0, 68, 2.0, 9.0, 58, 8.0, 8.0, 81, 4.0, 8.0, -1
2, 1.0, 2.0, 68, 8.0, 8.0, 80, 4.0, 8.0, 30
3, 8.0, 1.0, 73, 2.0, 9.0, 67, 8.0, 8.0, 76, 4.0, 8.0, 23
3, 8.0, 1.0, 77, 1.0, 2.0, 66, 8.0, 8.0, 78, 4.0, 8.0, 26
4, 8.0, 1.0, 73, 1.0, 2.0, 57, 2.0, 9.0, 62, 8.0, 8.0, 75, 2.0, 8.0, 21
4, 8.0, 1.0, 80, 1.0, 2.0, 68, 2.0, 9.0, 66, 8.0, 8.0, 82, 2.0, 8.0, 26
2, 8.0, 1.0, 83, 1.0, 2.0, 55, 2.0, 8.0, 39
2, 8.0, 1.0, 77, 1.0, 2.0, 59, 2.0, 8.0, 44
3, 1.0, 2.0, 63, 2.0, 9.0, 62, 8.0, 8.0, 79, 2.0, 8.0, 22
2, 8.0, 1.0, 72, 1.0, 2.0, 64, 2.0, 8.0, 46
2, 8.0, 1.0, 76, 8.0, 8.0, 76, 2.0, 8.0, -1
2, 2.0, 9.0, 60, 8.0, 8.0, 77, 2.0, 8.0, 19
3, 8.0, 1.0, 80, 2.0, 9.0, 57, 8.0, 8.0, 84, 2.0, 8.0, 15
4, 8.0, 1.0, 82, 1.0, 2.0, 61, 2.0, 9.0, 68, 8.0, 8.0, 78, 2.0, 8.0, 28
4, 9.0, 0.0, 83, 3.0, 3.0, 65, 0.0, 8.0, 57, 7.0, 9.0, 85, 0.0, 2.0, 0
2, 3.0, 3.0, 59, 7.0, 9.0, 81, 0.0, 2.0, 23
4, 9.0, 0.0, 73, 3.0, 3.0, 57, 0.0, 8.0, 55, 7.0, 9.0, 79, 0.0, 2.0, 11
3, 9.0, 0.0, 71, 3.0, 3.0, 58, 0.0, 8.0, 59, 0.0, 2.0, 22
3, 9.0, 0.0, 73, 3.0, 3.0, 64, 0.0, 8.0, 62, 0.0, 2.0, 28
2, 3.0, 3.0, 58, 0.0, 8.0, 56, 0.0, 2.0, 22
3, 9.0, 0.0, 80, 3.0, 3.0, 65, 0.0, 8.0, 65, 0.0, 2.0, 30
3, 9.0, 0.0, 76, 0.0, 8.0, 63, 7.0, 9.0, 85, 0.0, 2.0, 38
3, 3.0, 3.0, 56, 0.0, 8.0, 63, 7.0, 9.0, 82, 0.0, 2.0, 19
2, 3.0, 3.0, 60, 7.0, 9.0, 78, 0.0, 2.0, 24
4, 9.0, 0.0, 80, 3.0, 3.0, 55, 0.0, 8.0, 64, 7.0, 9.0, 80, 0.0, 0.0, 24
4, 9.0, 0.0, 73, 3.0, 3.0, 55, 0.0, 8.0, 58, 7.0, 9.0, 83, 0.0, 0.0, 25
2, 3.0, 3.0, 68, 0.0, 8.0, 67, 0.0, 0.0, 41
4, 9.0, 0.0, 78, 3.0, 3.0, 61, 0.0, 8.0, 55, 7.0, 9.0, 75, 0.0, 0.0, -1
2, 3.0, 3.0, 67, 7.0, 9.0, 80, 0.0, 0.0, 24
2, 3.0, 3.0, 60, 7.0, 9.0, 83, 0.0, 0.0, 0
2, 3.0, 3.0, 59, 0.0, 8.0, 63, 0.0, 0.0, 31
4, 9.0, 0.0, 78, 3.0, 3.0, 68, 0.0, 8.0, 60, 7.0, 9.0, 75, 0.0, 0.0, -1
2, 9.0, 0.0, 71, 0.0, 8.0, 63, 0.0, 0.0, 32
2, 9.0, 0.0, 73, 0.0, 8.0, 68, 0.0, 0.0, 34
4, 9.0, 0.0, 70, 3.0, 3.0, 62, 0.0, 8.0, 62, 7.0, 9.0, 81, 1.0, 3.0, 24
4, 9.0, 0.0, 77, 3.0, 3.0, 68, 0.0, 8.0, 63, 7.0, 9.0, 81, 1.0, 3.0, 2
2, 3.0, 3.0, 62, 0.0, 8.0, 62, 1.0, 3.0, 28
4, 9.0, 0.0, 83, 3.0, 3.0, 55, 0.0, 8.0, 58, 7.0, 9.0, 84, 1.0, 3.0, 19
4, 9.0, 0.0, 72, 3.0, 3.0, 61, 0.0, 8.0, 61, 7.0, 9.0, 80, 1.0, 3.0, 24
2, 0.0, 8.0, 56, 7.0, 9.0, 82, 1.0, 3.0, 21
2, 9.0, 0.0, 80, 0.0, 8.0, 56, 1.0, 3.0, 22
2, 3.0, 3.0, 68, 7.0, 9.0, 77, 1.0, 3.0, -1
2, 0.0, 8.0, 61, 7.0, 9.0, 80, 1.0, 3.0, 27
3, 9.0, 0.0, 71, 0.0, 8.0, 61, 7.0, 9.0, 82, 1.0, 3.0, 27
2, 3.0, 3.0, 58, 0.0, 8.0, 63, 3.0, 2.0, 20
3, 9.0, 0.0, 77, 3.0, 3.0, 66, 7.0, 9.0, 81, 3.0, 2.0, 23
3, 3.0, 3.0, 65, 0.0, 8.0, 57, 7.0, 9.0, 76, 3.0, 2.0, -1
2, 0.0, 8.0, 60, 7.0, 9.0, 77, 3.0, 2.0, 14
3, 9.0, 0.0, 71, 3.0, 3.0, 67, 7.0, 9.0, 76, 3.0, 2.0, -1
2, 3.0, 3.0, 55, 0.0, 8.0, 64, 3.0, 2.0, 16
4, 9.0, 0.0, 81, 3.0, 3.0, 61, 0.0, 8.0, 60, 7.0, 9.0, 78, 3.0, 2.0, -1
4, 9.0, 0.0, 71, 3.0, 3.0, 61, 0.0, 8.0, 63, 7.0, 9.0, 85, 3.0, 2.0, -1
3, 9.0, 0.0, 78, 0.0, 8.0, 60, 7.0, 9.0, 78, 3.0, 2.0, 24
4, 9.0, 0.0, 70, 3.0, 3.0, 63, 0.0, 8.0, 59, 7.0, 9.0, 79, 3.0, 2.0, 24
2, 9.0, 0.0, 83, 3.0, 3.0, 64, 6.0, 1.0, 32
3, 9.0, 0.0, 77, 3.0, 3.0, 62, 7.0, 9.0, 78, 6.0, 1.0, 24
2, 9.0, 0.0, 78, 7.0, 9.0, 77, 6.0, 1.0, 24
2, 9.0, 0.0, 75, 0.0, 8.0, 60, 6.0, 1.0, 30
2, 9.0, 0.0, 80, 3.0, 3.0, 61, 6.0, 1.0, 29
2, 3.0, 3.0, 66, 0.0, 8.0, 63, 6.0, 1.0, 35
4, 9.0, 0.0, 73, 3.0, 3.0, 66, 0.0, 8.0, 68, 7.0, 9.0, 85, 6.0, 1.0, 30
2, 3.0, 3.0, 67, 0.0, 8.0, 56, 6.0, 1.0, 21
4, 9.0, 0.0, 76, 3.0, 3.0, 64, 0.0, 8.0, 57, 7.0, 9.0, 82, 6.0, 1.0, 29
3, 9.0, 0.0, 82, 3.0, 3.0, 65, 7.0, 9.0, 75, 6.0, 1.0, 0
3, 3.0, 3.0, 64, 0.0, 8.0, 68, 7.0, 9.0, 82, 8.0, 0.0, 29
3, 9.0, 0.0, 78, 0.0, 8.0, 57, 7.0, 9.0, 80, 8.0, 0.0, 21
3, 3.0, 3.0, 57, 0.0, 8.0, 63, 7.0, 9.0, 80, 8.0, 0.0, 24
4, 9.0, 0.0, 72, 3.0, 3.0, 67, 0.0, 8.0, 58, 7.0, 9.0, 76, 8.0, 0.0, -1
2, 9.0, 0.0, 70, 0.0, 8.0, 61, 8.0, 0.0, 15
4, 9.0, 0.0, 82, 3.0, 3.0, 57, 0.0, 8.0, 65, 7.0, 9.0, 76, 8.0, 0.0, 18
3, 3.0, 3.0, 55, 0.0, 8.0, 62, 7.0, 9.0, 82, 8.0, 0.0, 21
3, 3.0, 3.0, 61, 0.0, 8.0, 59, 7.0, 9.0, 82, 8.0, 0.0, 29
2, 9.0, 0.0, 79, 3.0, 3.0, 57, 8.0, 0.0, 0
4, 9.0, 0.0, 82, 3.0, 3.0, 58, 0.0, 8.0, 61, 7.0, 9.0, 80, 8.0, 0.0, 25
2, 3.0, 3.0, 59, 7.0, 9.0, 75, 9.0, 2.0, -1
3, 3.0, 3.0, 63, 0.0, 8.0, 66, 7.0, 9.0, 80, 9.0, 2.0, 15
2, 9.0, 0.0, 72, 7.0, 9.0, 77, 9.0, 2.0, 18
2, 3.0, 3.0, 67, 0.0, 8.0, 67, 9.0, 2.0, 47
4, 9.0, 0.0, 71, 3.0, 3.0, 62, 0.0, 8.0, 65, 7.0, 9.0, 84, 9.0, 2.0, 17
2, 9.0, 0.0, 76, 0.0, 8.0, 63, 9.0, 2.0, 22
2, 3.0, 3.0, 58, 0.0, 8.0, 67, 9.0, 2.0, 37
2, 3.0, 3.0, 57, 0.0, 8.0, 68, 9.0, 2.0, 36
2, 0.0, 8.0, 55, 7.0, 9.0, 85, 9.0, 2.0, 31
3, 9.0, 0.0, 74, 3.0, 3.0, 65, 0.0, 8.0, 61, 9.0, 2.0, 24
3, 9.0, 0.0, 75, 3.0, 3.0, 68, 0.0, 8.0, 55, 8.0, 3.0, 17
2, 0.0, 8.0, 55, 7.0, 9.0, 80, 8.0, 3.0, 29
3, 9.0, 0.0, 74, 3.0, 3.0, 55, 0.0, 8.0, 60, 8.0, 3.0, 31
2, 3.0, 3.0, 67, 0.0, 8.0, 65, 8.0, 3.0, 44
4, 9.0, 0.0, 75, 3.0, 3.0, 55, 0.0, 8.0, 63, 7.0, 9.0, 78, 8.0, 3.0, 24
3, 9.0, 0.0, 72, 0.0, 8.0, 68, 7.0, 9.0, 85, 8.0, 3.0, 30
3, 9.0, 0.0, 77, 3.0, 3.0, 60, 7.0, 9.0, 84, 8.0, 3.0, 31
4, 9.0, 0.0, 76, 3.0, 3.0, 67, 0.0, 8.0, 58, 7.0, 9.0, 85, 8.0, 3.0, 29
3, 3.0, 3.0, 68, 0.0, 8.0, 55, 7.0, 9.0, 84, 8.0, 3.0, -1
2, 9.0, 0.0, 70, 3.0, 3.0, 61, 8.0, 3.0, -1
3, 3.0, 3.0, 59, 0.0, 8.0, 63, 7.0, 9.0, 84, 6.0, 4.0, 25
2, 9.0, 0.0, 83, 7.0, 9.0, 77, 6.0, 4.0, 16
2, 3.0, 3.0, 58, 7.0, 9.0, 84, 6.0, 4.0, 24
2, 3.0, 3.0, 55, 7.0, 9.0, 75, 6.0, 4.0, 11
4, 9.0, 0.0, 78, 3.0, 3.0, 60, 0.0, 8.0, 64, 7.0, 9.0, 81, 6.0, 4.0, 23
2, 3.0, 3.0, 65, 0.0, 8.0, 68, 6.0, 4.0, 32
3, 9.0, 0.0, 81, 3.0, 3.0, 57, 7.0, 9.0, 84, 6.0, 4.0, 0
2, 9.0, 0.0, 79, 0.0, 8.0, 61, 6.0, 4.0, 36
3, 3.0, 3.0, 63, 0.0, 8.0, 64, 7.0, 9.0, 76, 6.0, 4.0, -1
3, 3.0, 3.0, 62, 0.0, 8.0, 62, 7.0, 9.0, 78, 6.0, 4.0, 15
4, 9.0, 0.0, 72, 3.0, 3.0, 60, 0.0, 8.0, 62, 7.0, 9.0, 78, 4.0, 5.0, 12
4, 9.0, 0.0, 75, 3.0, 3.0, 61, 0.0, 8.0, 66, 7.0, 9.0, 77, 4.0, 5.0, 0
2, 9.0, 0.0, 76, 7.0, 9.0, 84, 4.0, 5.0, 26
3, 3.0, 3.0, 63, 0.0, 8.0, 63, 7.0, 9.0, 80, 4.0, 5.0, 0
3, 9.0, 0.0, 76, 3.0, 3.0, 55, 7.0, 9.0, 85, 4.0, 5.0, 23
4, 9.0, 0.0, 80, 3.0, 3.0, 58, 0.0, 8.0, 56, 7.0, 9.0, 80, 4.0, 5.0, 20
3, 9.0, 0.0, 70, 0.0, 8.0, 62, 7.0, 9.0, 78, 4.0, 5.0, 30
2, 9.0, 0.0, 79, 3.0, 3.0, 55, 4.0, 5.0, 23
3, 9.0, 0.0, 83, 3.0, 3.0, 59, 7.0, 9.0, 77, 4.0, 5.0, 14
4, 9.0, 0.0, 80, 3.0, 3.0, 65, 0.0, 8.0, 59, 7.0, 9.0, 79, 4.0, 5.0, 0
4, 9.0, 0.0, 71, 3.0, 3.0, 60, 0.0, 8.0, 63, 7.0, 9.0, 79, 1.0, 4.0, -1
3, 9.0, 0.0, 72, 3.0, 3.0, 61, 7.0, 9.0, 80, 1.0, 4.0, 20
2, 9.0, 0.0, 78, 3.0, 3.0, 61, 1.0, 4.0, 20
2, 3.0, 3.0, 61, 7.0, 9.0, 84, 1.0, 4.0, 20
4, 9.0, 0.0, 70, 3.0, 3.0, 64, 0.0, 8.0, 59, 7.0, 9.0, 84, 1.0, 4.0, 23
3, 9.0, 0.0, 74, 3.0, 3.0, 68, 7.0, 9.0, 81, 1.0, 4.0, 24
4, 9.0, 0.0, 80, 3.0, 3.0, 66, 0.0, 8.0, 67, 7.0, 9.0, 85, 1.0, 4.0, 26
2, 9.0, 0.0, 80, 0.0, 8.0, 55, 1.0, 4.0, 25
3, 9.0, 0.0, 81, 0.0, 8.0, 68, 7.0, 9.0, 85, 1.0, 4.0, 30
2, 9.0, 0.0, 74, 7.0, 9.0, 81, 1.0, 4.0, 27
4, 9.0, 0.0, 80, 3.0, 3.0, 58, 0.0, 8.0, 57, 7.0, 9.0, 80, 0.0, 7.0, 19
2, 3.0, 3.0, 64, 7.0, 9.0, 81, 0.0, 7.0, 25
4, 9.0, 0.0, 77, 3.0, 3.0, 61, 0.0, 8.0, 57, 7.0, 9.0, 77, 0.0, 7.0, 19
3, 9.0, 0.0, 72, 3.0, 3.0, 62, 7.0, 9.0, 82, 0.0, 7.0, 39
3, 9.0, 0.0, 75, 3.0, 3.0, 68, 0.0, 8.0, 65, 0.0, 7.0, 36
4, 9.0, 0.0, 83, 3.0, 3.0, 58, 0.0, 8.0, 65, 7.0, 9.0, 78, 0.0, 7.0, 19
3, 9.0, 0.0, 80, 3.0, 3.0, 65, 0.0, 8.0, 63, 0.0, 7.0, 26
2, 9.0, 0.0, 70, 0.0, 8.0, 68, 0.0, 7.0, 39
3, 9.0, 0.0, 78, 0.0, 8.0, 66, 7.0, 9.0, 81, 0.0, 7.0, 26
4, 9.0, 0.0, 78, 3.0, 3.0, 63, 0.0, 8.0, 56, 7.0, 9.0, 83, 0.0, 7.0, 15
4, 9.0, 0.0, 70, 3.0, 3.0, 65, 0.0, 8.0, 61, 7.0, 9.0, 79, 2.0, 9.0, 27
3, 9.0, 0.0, 75, 3.0, 3.0, 58, 7.0, 9.0, 75, 2.0, 9.0, 28
4, 9.0, 0.0, 75, 3.0, 3.0, 65, 0.0, 8.0, 67, 7.0, 9.0, 80, 2.0, 9.0, 24
3, 3.0, 3.0, 63, 0.0, 8.0, 65, 7.0, 9.0, 85, 3.0, 9.0, 36
3, 9.0, 0.0, 73, 3.0, 3.0, 62, 7.0, 9.0, 78, 3.0, 9.0, 36
3, 9.0, 0.0, 71, 3.0, 3.0, 67, 7.0, 9.0, 76, 3.0, 9.0, 12
2, 9.0, 0.0, 81, 0.0, 8.0, 61, 3.0, 9.0, 36
2, 3.0, 3.0, 63, 0.0, 8.0, 65, 3.0, 9.0, 24
3, 9.0, 0.0, 75, 3.0, 3.0, 61, 7.0, 9.0, 83, 3.0, 9.0, 30
3, 3.0, 3.0, 56, 0.0, 8.0, 58, 7.0, 9.0, 84, 3.0, 9.0, 28
3, 9.0, 0.0, 76, 3.0, 3.0, 65, 7.0, 9.0, 83, 3.0, 9.0, 31
4, 9.0, 0.0, 80, 3.0, 3.0, 62, 0.0, 8.0, 56, 7.0, 9.0, 83, 3.0, 9.0, 24
3, 9.0, 0.0, 72, 3.0, 3.0, 64, 7.0, 9.0, 82, 3.0, 9.0, 29
4, 9.0, 0.0, 75, 3.0, 3.0, 58, 0.0, 8.0, 66, 7.0, 9.0, 81, 5.0, 6.0, 25
2, 0.0, 8.0, 58, 7.0, 9.0, 80, 5.0, 6.0, 28
2, 0.0, 8.0, 62, 7.0, 9.0, 82, 5.0, 6.0, 30
2, 0.0, 8.0, 56, 7.0, 9.0, 78, 5.0, 6.0, 25
4, 9.0, 0.0, 80, 3.0, 3.0, 59, 0.0, 8.0, 59, 7.0, 9.0, 79, 5.0, 6.0, 26
4, 9.0, 0.0, 76, 3.0, 3.0, 59, 0.0, 8.0, 61, 7.0, 9.0, 75, 5.0, 6.0, 24
4, 9.0, 0.0, 73, 3.0, 3.0, 61, 0.0, 8.0, 61, 7.0, 9.0, 85, 5.0, 6.0, 30
2, 9.0, 0.0, 72, 3.0, 3.0, 65, 5.0, 6.0, 35
4, 9.0, 0.0, 77, 3.0, 3.0, 63, 0.0, 8.0, 58, 7.0, 9.0, 77, 5.0, 6.0, 21
3, 9.0, 0.0, 83, 3.0, 3.0, 56, 7.0, 9.0, 85, 5.0, 6.0, 23
3, 9.0, 0.0, 72, 3.0, 3.0, 66, 0.0, 8.0, 64, 8.0, 8.0, 37
3, 9.0, 0.0, 81, 3.0, 3.0, 58, 0.0, 8.0, 62, 8.0, 8.0, 32
2, 9.0, 0.0, 79, 3.0, 3.0, 62, 8.0, 8.0, 38
3, 9.0, 0.0, 79, 3.0, 3.0, 62, 7.0, 9.0, 79, 8.0, 8.0, 20
4, 9.0, 0.0, 72, 3.0, 3.0, 68, 0.0, 8.0, 56, 7.0, 9.0, 83, 8.0, 8.0, 4
2, 9.0, 0.0, 80, 3.0, 3.0, 66, 8.0, 8.0, 43
4, 9.0, 0.0, 74, 3.0, 3.0, 63, 0.0, 8.0, 65, 7.0, 9.0, 79, 8.0, 8.0, 17
2, 0.0, 8.0, 68, 7.0, 9.0, 83, 8.0, 8.0, 36
2, 3.0, 3.0, 60, 7.0, 9.0, 76, 8.0, 8.0, 15
4, 9.0, 0.0, 80, 3.0, 3.0, 59, 0.0, 8.0, 61, 7.0, 9.0, 80, 8.0, 8.0, 21
3, 6.0, 1.0, 79, 0.0, 2.0, 63, 3.0, 8.0, 60, 8.0, 8.0, 28
3, 6.0, 1.0, 78, 0.0, 2.0, 64, 3.0, 8.0, 63, 8.0, 8.0, 30
4, 6.0, 1.0, 78, 0.0, 2.0, 65, 3.0, 8.0, 64, 8.0, 9.0, 82, 8.0, 8.0, 23
2, 3.0, 8.0, 61, 8.0, 9.0, 77, 8.0, 8.0, 24
3, 6.0, 1.0, 71, 0.0, 2.0, 65, 3.0, 8.0, 57, 8.0, 8.0, 22
4, 6.0, 1.0, 82, 0.0, 2.0, 63, 3.0, 8.0, 57, 8.0, 9.0, 83, 8.0, 8.0, 22
4, 6.0, 1.0, 71, 0.0, 2.0, 61, 3.0, 8.0, 65, 8.0, 9.0, 75, 8.0, 8.0, 0
4, 6.0, 1.0, 82, 0.0, 2.0, 68, 3.0, 8.0, 63, 8.0, 9.0, 76, 8.0, 8.0, 7
3, 6.0, 1.0, 81, 3.0, 8.0, 66, 8.0, 9.0, 81, 8.0, 8.0, 12
3, 0.0, 2.0, 65, 3.0, 8.0, 59, 8.0, 9.0, 83, 8.0, 8.0, 25
4, 6.0, 1.0, 74, 0.0, 2.0, 60, 3.0, 8.0, 59, 8.0, 9.0, 81, 5.0, 8.0, -1
3, 6.0, 1.0, 72, 0.0, 2.0, 58, 8.0, 9.0, 77, 5.0, 8.0, -1
3, 6.0, 1.0, 72, 0.0, 2.0, 58, 3.0, 8.0, 57, 5.0, 8.0, 26
3, 6.0, 1.0, 81, 0.0, 2.0, 59, 3.0, 8.0, 65, 5.0, 8.0, 36
2, 6.0, 1.0, 77, 8.0, 9.0, 83, 5.0, 8.0, 36
2, 6.0, 1.0, 82, 0.0, 2.0, 57, 5.0, 8.0, -1
2, 0.0, 2.0, 67, 8.0, 9.0, 85, 5.0, 8.0, 33
4, 6.0, 1.0, 70, 0.0, 2.0, 67, 3.0, 8.0, 55, 8.0, 9.0, 82, 5.0, 8.0, 20
3, 6.0, 1.0, 80, 3.0, 8.0, 55, 8.0, 9.0, 76, 5.0, 8.0, 23
3, 0.0, 2.0, 63, 3.0, 8.0, 59, 8.0, 9.0, 76, 5.0, 8.0, 18
4, 6.0, 1.0, 76, 0.0, 2.0, 61, 3.0, 8.0, 61, 8.0, 9.0, 77, 5.0, 8.0, 16
4, 6.0, 1.0, 80, 0.0, 2.0, 60, 3.0, 8.0, 58, 8.0, 9.0, 83, 5.0, 8.0, 26
4, 6.0, 1.0, 83, 0.0, 2.0, 66, 3.0, 8.0, 68, 8.0, 9.0, 81, 3.0, 6.0, 18
2, 3.0, 8.0, 66, 8.0, 9.0, 78, 3.0, 6.0, 15
2, 6.0, 1.0, 71, 8.0, 9.0, 78, 3.0, 6.0, 19
3, 6.0, 1.0, 81, 3.0, 8.0, 59, 8.0, 9.0, 75, 3.0, 6.0, 10
3, 0.0, 2.0, 56, 3.0, 8.0, 55, 8.0, 9.0, 83, 3.0, 6.0, 30
4, 6.0, 1.0, 82, 0.0, 2.0, 67, 3.0, 8.0, 58, 8.0, 9.0, 76, 3.0, 6.0, 14
2, 0.0, 2.0, 64, 8.0, 9.0, 83, 3.0, 6.0, 26
3, 6.0, 1.0, 74, 0.0, 2.0, 56, 8.0, 9.0, 79, 3.0, 6.0, 21
3, 6.0, 1.0, 75, 0.0, 2.0, 66, 3.0, 8.0, 55, 3.0, 6.0, 16
4, 6.0, 1.0, 74, 0.0, 2.0, 61, 3.0, 8.0, 66, 8.0, 9.0, 81, 3.0, 6.0, 30
3, 6.0, 1.0, 73, 3.0, 8.0, 60, 8.0, 9.0, 83, 3.0, 6.0, 23
2, 6.0, 1.0, 80, 0.0, 2.0, 58, 3.0, 6.0, 39
4, 6.0, 1.0, 80, 0.0, 2.0, 64, 3.0, 8.0, 59, 8.0, 9.0, 84, 1.0, 7.0, 23
4, 6.0, 1.0, 80, 0.0, 2.0, 68, 3.0, 8.0, 63, 8.0, 9.0, 77, 1.0, 7.0, 25
4, 6.0, 1.0, 74, 0.0, 2.0, 67, 3.0, 8.0, 56, 8.0, 9.0, 83, 1.0, 7.0, 19
3, 0.0, 2.0, 63, 3.0, 8.0, 55, 8.0, 9.0, 81, 1.0, 7.0, 24
3, 0.0, 2.0, 61, 3.0, 8.0, 55, 8.0, 9.0, 78, 1.0, 7.0, 12
2, 0.0, 2.0, 58, 3.0, 8.0, 55, 1.0, 7.0, 21
4, 6.0, 1.0, 71, 0.0, 2.0, 61, 3.0, 8.0, 59, 8.0, 9.0, 78, 1.0, 7.0, -1
4, 6.0, 1.0, 83, 0.0, 2.0, 59, 3.0, 8.0, 55, 8.0, 9.0, 76, 1.0, 7.0, -1
2, 3.0, 8.0, 56, 8.0, 9.0, 82, 1.0, 7.0, 24
2, 6.0, 1.0, 78, 8.0, 9.0, 75, 1.0, 7.0, 24
3, 6.0, 1.0, 70, 3.0, 8.0, 62, 8.0, 9.0, 82, 1.0, 7.0, 30
4, 6.0, 1.0, 76, 0.0, 2.0, 58, 3.0, 8.0, 68, 8.0, 9.0, 76, 1.0, 7.0, 18
3, 6.0, 1.0, 76, 0.0, 2.0, 57, 8.0, 9.0, 81, 1.0, 7.0, 30
3, 6.0, 1.0, 71, 3.0, 8.0, 63, 8.0, 9.0, 84, 1.0, 7.0, 28
3, 0.0, 2.0, 60, 3.0, 8.0, 62, 8.0, 9.0, 77, 1.0, 7.0, 23
2, 6.0, 1.0, 70, 0.0, 2.0, 65, 1.0, 7.0, 28
3, 6.0, 1.0, 74, 0.0, 2.0, 60, 8.0, 9.0, 81, 1.0, 7.0, 29
2, 0.0, 2.0, 64, 8.0, 9.0, 82, 1.0, 7.0, 31
3, 0.0, 2.0, 67, 3.0, 8.0, 58, 8.0, 9.0, 76, 1.0, 7.0, 16
2, 6.0, 1.0, 83, 8.0, 9.0, 84, 1.0, 7.0, 34
4, 6.0, 1.0, 78, 0.0, 2.0, 58, 3.0, 8.0, 67, 8.0, 9.0, 83, 2.0, 5.0, 30
4, 6.0, 1.0, 76, 0.0, 2.0, 63, 3.0, 8.0, 67, 8.0, 9.0, 80, 2.0, 5.0, 25
2, 0.0, 2.0, 56, 8.0, 9.0, 79, 2.0, 5.0, 26
2, 6.0, 1.0, 74, 3.0, 8.0, 65, 2.0, 5.0, 36
2, 6.0, 1.0, 72, 8.0, 9.0, 75, 2.0, 5.0, 21
4, 6.0, 1.0, 82, 0.0, 2.0, 56, 3.0, 8.0, 60, 8.0, 9.0, 80, 2.0, 5.0, 27
2, 6.0, 1.0, 75, 0.0, 2.0, 56, 2.0, 5.0, 37
4, 6.0, 1.0, 75, 0.0, 2.0, 62, 3.0, 8.0, 55, 8.0, 9.0, 82, 2.0, 5.0, 23
3, 0.0, 2.0, 63, 3.0, 8.0, 62, 8.0, 9.0, 78, 2.0, 5.0, 22
4, 6.0, 1.0, 83, 0.0, 2.0, 63, 3.0, 8.0, 65, 8.0, 9.0, 77, 2.0, 5.0, 19
3, 6.0, 1.0, 82, 3.0, 8.0, 61, 8.0, 9.0, 76, 2.0, 5.0, 20
4, 6.0, 1.0, 78, 0.0, 2.0, 57, 3.0, 8.0, 55, 8.0, 9.0, 76, 2.0, 5.0, 21
3, 6.0, 1.0, 81, 0.0, 2.0, 57, 8.0, 9.0, 83, 6.0, 4.0, 39
3, 6.0, 1.0, 71, 3.0, 8.0, 58, 8.0, 9.0, 80, 6.0, 4.0, 23
3, 6.0, 1.0, 73, 3.0, 8.0, 59, 8.0, 9.0, 84, 6.0, 4.0, 24
4, 6.0, 1.0, 80, 0.0, 2.0, 58, 3.0, 8.0, 56, 8.0, 9.0, 77, 6.0, 4.0, 18
4, 6.0, 1.0, 71, 0.0, 2.0, 56, 3.0, 8.0, 65, 8.0, 9.0, 85, 6.0, 4.0, 30
2, 0.0, 2.0, 56, 8.0, 9.0, 76, 6.0, 4.0, 36
3, 6.0, 1.0, 80, 3.0, 8.0, 65, 8.0, 9.0, 76, 6.0, 4.0, 27
3, 6.0, 1.0, 72, 0.0, 2.0, 60, 8.0, 9.0, 85, 6.0, 4.0, 33
4, 6.0, 1.0, 71, 0.0, 2.0, 58, 3.0, 8.0, 60, 8.0, 9.0, 79, 6.0, 4.0, 24
2, 3.0, 8.0, 64, 8.0, 9.0, 84, 6.0, 4.0, 42
3, 6.0, 1.0, 82, 0.0, 2.0, 61, 3.0, 8.0, 66, 6.0, 4.0, 42
4, 6.0, 1.0, 80, 0.0, 2.0, 66, 3.0, 8.0, 55, 8.0, 9.0, 84, 6.0, 4.0, -1
2, 0.0, 2.0, 62, 3.0, 8.0, 58, 9.0, 4.0, 45
2, 6.0, 1.0, 78, 3.0, 8.0, 58, 9.0, 4.0, 30
3, 0.0, 2.0, 68, 3.0, 8.0, 59, 8.0, 9.0, 83, 9.0, 4.0, 36
3, 6.0, 1.0, 83, 0.0, 2.0, 58, 3.0, 8.0, 63, 9.0, 4.0, 35
3, 6.0, 1.0, 80, 0.0, 2.0, 55, 3.0, 8.0, 57, 9.0, 4.0, 37
4, 6.0, 1.0, 74, 0.0, 2.0, 55, 3.0, 8.0, 55, 8.0, 9.0, 77, 9.0, 4.0, 26
4, 6.0, 1.0, 74, 0.0, 2.0, 56, 3.0, 8.0, 64, 8.0, 9.0, 80, 9.0, 4.0, 27
2, 6.0, 1.0, 80, 0.0, 2.0, 66, 9.0, 4.0, 32
4, 6.0, 1.0, 80, 0.0, 2.0, 55, 3.0, 8.0, 57, 8.0, 9.0, 85, 9.0, 4.0, 32
2, 6.0, 1.0, 81, 8.0, 9.0, 81, 9.0, 4.0, 33
4, 6.0, 1.0, 70, 0.0, 2.0, 63, 3.0, 8.0, 63, 8.0, 9.0, 84, 9.0, 4.0, 21
3, 0.0, 2.0, 59, 3.0, 8.0, 55, 8.0, 9.0, 75, 9.0, 4.0, -1
3, 6.0, 1.0, 77, 0.0, 2.0, 56, 3.0, 8.0, 56, 8.0, 2.0, 16
4, 6.0, 1.0, 77, 0.0, 2.0, 55, 3.0, 8.0, 63, 8.0, 9.0, 82, 8.0, 2.0, 22
2, 3.0, 8.0, 57, 8.0, 9.0, 79, 8.0, 2.0, 27
2, 6.0, 1.0, 71, 3.0, 8.0, 58, 8.0, 2.0, 17
4, 6.0, 1.0, 73, 0.0, 2.0, 59, 3.0, 8.0, 55, 8.0, 9.0, 75, 8.0, 2.0, -1
3, 6.0, 1.0, 76, 0.0, 2.0, 64, 8.0, 9.0, 79, 8.0, 2.0, 21
2, 6.0, 1.0, 72, 3.0, 8.0, 59, 8.0, 2.0, 18
3, 0.0, 2.0, 64, 3.0, 8.0, 68, 8.0, 9.0, 76, 8.0, 2.0, -1
4, 6.0, 1.0, 75, 0.0, 2.0, 56, 3.0, 8.0, 59, 8.0, 9.0, 79, 8.0, 2.0, 21
4, 6.0, 1.0, 73, 0.0, 2.0, 67, 3.0, 8.0, 59, 8.0, 9.0, 85, 8.0, 2.0, -1
2, 3.0, 8.0, 63, 8.0, 9.0, 75, 8.0, 2.0, 30
4, 6.0, 1.0, 73, 0.0, 2.0, 61, 3.0, 8.0, 63, 8.0, 9.0, 81, 8.0, 2.0, 18
2, 3.0, 8.0, 62, 8.0, 9.0, 79, 6.0, 2.0, 0
3, 6.0, 1.0, 82, 0.0, 2.0, 59, 8.0, 9.0, 79, 6.0, 2.0, 29
2, 0.0, 2.0, 67, 3.0, 8.0, 64, 6.0, 2.0, 38
4, 6.0, 1.0, 76, 0.0, 2.0, 60, 3.0, 8.0, 55, 8.0, 9.0, 75, 6.0, 2.0, 20
3, 0.0, 2.0, 65, 3.0, 8.0, 62, 8.0, 9.0, 76, 6.0, 2.0, 31
2, 0.0, 2.0, 63, 3.0, 8.0, 63, 6.0, 2.0, 32
4, 6.0, 1.0, 72, 0.0, 2.0, 67, 3.0, 8.0, 63, 8.0, 9.0, 81, 6.0, 2.0, 21
2, 6.0, 1.0, 76, 0.0, 2.0, 67, 6.0, 2.0, 26
4, 6.0, 1.0, 77, 0.0, 2.0, 68, 3.0, 8.0, 62, 8.0, 9.0, 83, 6.0, 2.0, 27
3, 6.0, 1.0, 79, 0.0, 2.0, 66, 3.0, 8.0, 65, 6.0, 2.0, 29
4, 6.0, 1.0, 83, 0.0, 2.0, 66, 3.0, 8.0, 60, 8.0, 9.0, 76, 6.0, 2.0, 29
2, 0.0, 2.0, 67, 8.0, 9.0, 78, 6.0, 2.0, 35
3, 6.0, 1.0, 74, 0.0, 2.0, 62, 8.0, 9.0, 84, 3.0, 2.0, 41
4, 6.0, 1.0, 70, 0.0, 2.0, 67, 3.0, 8.0, 67, 8.0, 9.0, 80, 3.0, 2.0, 37
2, 6.0, 1.0, 78, 3.0, 8.0, 63, 3.0, 2.0, 39
4, 6.0, 1.0, 82, 0.0, 2.0, 64, 3.0, 8.0, 59, 8.0, 9.0, 79, 3.0, 2.0, 29
3, 6.0, 1.0, 82, 3.0, 8.0, 65, 8.0, 9.0, 84, 3.0, 2.0, 38
3, 6.0, 1.0, 78, 0.0, 2.0, 59, 3.0, 8.0, 56, 3.0, 2.0, 26
3, 0.0, 2.0, 59, 3.0, 8.0, 56, 8.0, 9.0, 75, 3.0, 2.0, 26
4, 6.0, 1.0, 70, 0.0, 2.0, 66, 3.0, 8.0, 65, 8.0, 9.0, 79, 3.0, 2.0, 0
4, 6.0, 1.0, 83, 0.0, 2.0, 63, 3.0, 8.0, 63, 8.0, 9.0, 83, 3.0, 2.0, 39
2, 3.0, 8.0, 55, 8.0, 9.0, 82, 3.0, 2.0, 26
4, 6.0, 1.0, 80, 0.0, 2.0, 56, 3.0, 8.0, 66, 8.0, 9.0, 76, 3.0, 2.0, 33
4, 6.0, 1.0, 75, 0.0, 2.0, 56, 3.0, 8.0, 57, 8.0, 9.0, 78, 3.0, 2.0, 30
3, 6.0, 1.0, 78, 0.0, 2.0, 60, 3.0, 8.0, 63, 1.0, 2.0, 33
2, 3.0, 8.0, 57, 8.0, 9.0, 81, 1.0, 2.0, 30
3, 6.0, 1.0, 74, 0.0, 2.0, 61, 8.0, 9.0, 85, 1.0, 2.0, 35
4, 6.0, 1.0, 79, 0.0, 2.0, 64, 3.0, 8.0, 63, 8.0, 9.0, 85, 1.0, 2.0, 38
2, 6.0, 1.0, 81, 3.0, 8.0, 63, 1.0, 2.0, 40
2, 3.0, 8.0, 60, 8.0, 9.0, 79, 1.0, 2.0, 37
3, 6.0, 1.0, 83, 3.0, 8.0, 63, 8.0, 9.0, 80, 1.0, 2.0, 40
2, 6.0, 1.0, 81, 8.0, 9.0, 80, 1.0, 2.0, 40
3, 6.0, 1.0, 75, 0.0, 2.0, 55, 8.0, 9.0, 77, 1.0, 2.0, 28
3, 6.0, 1.0, 70, 0.0, 2.0, 65, 8.0, 9.0, 82, 1.0, 2.0, 34
2, 0.0, 2.0, 66, 3.0, 8.0, 64, 1.0, 2.0, 30
3, 0.0, 2.0, 55, 3.0, 8.0, 58, 8.0, 9.0, 76, 1.0, 2.0, 30
4, 7.0, 3.0, 75, 1.0, 4.0, 61, 3.0, 7.0, 60, 7.0, 7.0, 83, 2.0, 2.0, 32
4, 7.0, 3.0, 73, 1.0, 4.0, 61, 3.0, 7.0, 55, 7.0, 7.0, 81, 2.0, 2.0, 11
3, 7.0, 3.0, 76, 3.0, 7.0, 66, 7.0, 7.0, 78, 2.0, 2.0, -1
2, 7.0, 3.0, 81, 3.0, 7.0, 65, 2.0, 2.0, 40
3, 1.0, 4.0, 56, 3.0, 7.0, 66, 7.0, 7.0, 80, 2.0, 2.0, 34
4, 7.0, 3.0, 82, 1.0, 4.0, 61, 3.0, 7.0, 56, 7.0, 7.0, 85, 2.0, 2.0, 18
3, 7.0, 3.0, 80, 3.0, 7.0, 63, 7.0, 7.0, 78, 2.0, 2.0, 33
3, 1.0, 4.0, 55, 3.0, 7.0, 65, 7.0, 7.0, 84, 2.0, 2.0, 37
4, 7.0, 3.0, 81, 1.0, 4.0, 57, 3.0, 7.0, 68, 7.0, 7.0, 85, 2.0, 2.0, 39
4, 7.0, 3.0, 73, 1.0, 4.0, 56, 3.0, 7.0, 57, 7.0, 7.0, 82, 2.0, 2.0, 30
2, 7.0, 3.0, 72, 1.0, 4.0, 59, 2.0, 2.0, 36
2, 7.0, 3.0, 73, 7.0, 7.0, 83, 2.0, 2.0, 37
3, 7.0, 3.0, 70, 3.0, 7.0, 55, 7.0, 7.0, 83, 0.0, 3.0, 30
3, 7.0, 3.0, 71, 1.0, 4.0, 62, 7.0, 7.0, 78, 0.0, 3.0, -1
3, 7.0, 3.0, 79, 3.0, 7.0, 61, 7.0, 7.0, 76, 0.0, 3.0, 39
2, 7.0, 3.0, 83, 7.0, 7.0, 77, 0.0, 3.0, 32
2, 1.0, 4.0, 55, 7.0, 7.0, 75, 0.0, 3.0, -1
3, 7.0, 3.0, 71, 1.0, 4.0, 61, 3.0, 7.0, 67, 0.0, 3.0, 41
3, 1.0, 4.0, 66, 3.0, 7.0, 57, 7.0, 7.0, 85, 0.0, 3.0, -1
2, 3.0, 7.0, 66, 7.0, 7.0, 84, 0.0, 3.0, 40
2, 3.0, 7.0, 66, 7.0, 7.0, 77, 0.0, 3.0, 33
4, 7.0, 3.0, 78, 1.0, 4.0, 66, 3.0, 7.0, 60, 7.0, 7.0, 83, 0.0, 3.0, -1
3, 7.0, 3.0, 78, 1.0, 4.0, 60, 3.0, 7.0, 61, 0.0, 3.0, 28
2, 1.0, 4.0, 61, 7.0, 7.0, 75, 0.0, 3.0, -1
4, 7.0, 3.0, 75, 1.0, 4.0, 57, 3.0, 7.0, 60, 7.0, 7.0, 77, 5.0, 2.0, -1
4, 7.0, 3.0, 77, 1.0, 4.0, 61, 3.0, 7.0, 56, 7.0, 7.0, 82, 5.0, 2.0, -1
3, 7.0, 3.0, 77, 3.0, 7.0, 64, 7.0, 7.0, 79, 5.0, 2.0, 30
4, 7.0, 3.0, 76, 1.0, 4.0, 66, 3.0, 7.0, 58, 7.0, 7.0, 84, 5.0, 2.0, -1
2, 7.0, 3.0, 75, 3.0, 7.0, 56, 5.0, 2.0, 25
3, 7.0, 3.0, 82, 3.0, 7.0, 58, 7.0, 7.0, 83, 5.0, 2.0, 27
4, 7.0, 3.0, 79, 1.0, 4.0, 62, 3.0, 7.0, 56, 7.0, 7.0, 81, 5.0, 2.0, -1
3, 7.0, 3.0, 75, 1.0, 4.0, 56, 3.0, 7.0, 63, 5.0, 2.0, 27
4, 7.0, 3.0, 73, 1.0, 4.0, 67, 3.0, 7.0, 55, 7.0, 7.0, 82, 5.0, 2.0, -1
4, 7.0, 3.0, 83, 1.0, 4.0, 63, 3.0, 7.0, 59, 7.0, 7.0, 78, 5.0, 2.0, -1
2, 3.0, 7.0, 58, 7.0, 7.0, 82, 5.0, 2.0, 28
3, 7.0, 3.0, 74, 1.0, 4.0, 64, 7.0, 7.0, 81, 5.0, 2.0, -1
3, 7.0, 3.0, 82, 1.0, 4.0, 66, 7.0, 7.0, 84, 7.0, 1.0, -1
3, 7.0, 3.0, 73, 1.0, 4.0, 62, 3.0, 7.0, 65, 7.0, 1.0, 14
2, 7.0, 3.0, 76, 3.0, 7.0, 64, 7.0, 1.0, 28
2, 3.0, 7.0, 65, 7.0, 7.0, 85, 7.0, 1.0, 36
3, 1.0, 4.0, 56, 3.0, 7.0, 59, 7.0, 7.0, 80, 7.0, 1.0, 22
4, 7.0, 3.0, 74, 1.0, 4.0, 60, 3.0, 7.0, 68, 7.0, 7.0, 83, 7.0, 1.0, 21
2, 7.0, 3.0, 74, 1.0, 4.0, 59, 7.0, 1.0, 21
2, 1.0, 4.0, 65, 7.0, 7.0, 75, 7.0, 1.0, -1
4, 7.0, 3.0, 75, 1.0, 4.0, 67, 3.0, 7.0, 65, 7.0, 7.0, 79, 7.0, 1.0, -1
3, 7.0, 3.0, 81, 3.0, 7.0, 55, 7.0, 7.0, 84, 7.0, 1.0, 22
4, 7.0, 3.0, 74, 1.0, 4.0, 59, 3.0, 7.0, 68, 7.0, 7.0, 79, 7.0, 1.0, -1
3, 7.0, 3.0, 72, 1.0, 4.0, 61, 7.0, 7.0, 75, 7.0, 1.0, -1
2, 7.0, 3.0, 82, 3.0, 7.0, 59, 9.0, 2.0, 29
2, 7.0, 3.0, 70, 1.0, 4.0, 63, 9.0, 2.0, -1
3, 7.0, 3.0, 77, 1.0, 4.0, 62, 3.0, 7.0, 66, 9.0, 2.0, 20
2, 7.0, 3.0, 79, 3.0, 7.0, 57, 9.0, 2.0, -1
4, 7.0, 3.0, 79, 1.0, 4.0, 64, 3.0, 7.0, 66, 7.0, 7.0, 81, 9.0, 2.0, -1
4, 7.0, 3.0, 79, 1.0, 4.0, 66, 3.0, 7.0, 56, 7.0, 7.0, 77, 9.0, 2.0, -1
2, 1.0, 4.0, 63, 7.0, 7.0, 78, 9.0, 2.0, -1
4, 7.0, 3.0, 82, 1.0, 4.0, 60, 3.0, 7.0, 55, 7.0, 7.0, 85, 9.0, 2.0, -1
3, 7.0, 3.0, 71, 3.0, 7.0, 65, 7.0, 7.0, 83, 9.0, 2.0, 18
4, 7.0, 3.0, 78, 1.0, 4.0, 59, 3.0, 7.0, 56, 7.0, 7.0, 85, 9.0, 2.0, -1
4, 7.0, 3.0, 83, 1.0, 4.0, 60, 3.0, 7.0, 58, 7.0, 7.0, 81, 9.0, 2.0, -1
4, 7.0, 3.0, 82, 1.0, 4.0, 63, 3.0, 7.0, 57, 7.0, 7.0, 81, 9.0, 2.0, -1
3, 7.0, 3.0, 80, 3.0, 7.0, 59, 7.0, 7.0, 83, 8.0, 4.0, 27
2, 7.0, 3.0, 72, 1.0, 4.0, 59, 8.0, 4.0, 15
2, 7.0, 3.0, 79, 7.0, 7.0, 75, 8.0, 4.0, 26
3, 7.0, 3.0, 75, 1.0, 4.0, 56, 7.0, 7.0, 76, 8.0, 4.0, -1
2, 7.0, 3.0, 72, 3.0, 7.0, 66, 8.0, 4.0, 20
2, 7.0, 3.0, 82, 3.0, 7.0, 60, 8.0, 4.0, 29
2, 3.0, 7.0, 63, 7.0, 7.0, 82, 8.0, 4.0, 35
2, 1.0, 4.0, 59, 7.0, 7.0, 80, 8.0, 4.0, 24
3, 7.0, 3.0, 82, 3.0, 7.0, 61, 7.0, 7.0, 85, 8.0, 4.0, 29
3, 1.0, 4.0, 66, 3.0, 7.0, 63, 7.0, 7.0, 85, 8.0, 4.0, -1
3, 7.0, 3.0, 74, 3.0, 7.0, 56, 7.0, 7.0, 79, 8.0, 4.0, 22
4, 7.0, 3.0, 83, 1.0, 4.0, 64, 3.0, 7.0, 55, 7.0, 7.0, 79, 8.0, 4.0, -1
3, 7.0, 3.0, 75, 3.0, 7.0, 57, 7.0, 7.0, 85, 6.0, 6.0, 20
3, 7.0, 3.0, 70, 1.0, 4.0, 59, 7.0, 7.0, 84, 6.0, 6.0, 15
4, 7.0, 3.0, 82, 1.0, 4.0, 60, 3.0, 7.0, 66, 7.0, 7.0, 85, 6.0, 6.0, 25
2, 7.0, 3.0, 77, 1.0, 4.0, 59, 6.0, 6.0, 27
2, 7.0, 3.0, 77, 7.0, 7.0, 76, 6.0, 6.0, 20
4, 7.0, 3.0, 78, 1.0, 4.0, 68, 3.0, 7.0, 67, 7.0, 7.0, 77, 6.0, 6.0, 12
4, 7.0, 3.0, 82, 1.0, 4.0, 68, 3.0, 7.0, 66, 7.0, 7.0, 76, 6.0, 6.0, -1
2, 1.0, 4.0, 62, 3.0, 7.0, 62, 6.0, 6.0, -1
3, 1.0, 4.0, 67, 3.0, 7.0, 68, 7.0, 7.0, 81, 6.0, 6.0, -1
3, 7.0, 3.0, 71, 1.0, 4.0, 61, 3.0, 7.0, 61, 6.0, 6.0, -1
2, 7.0, 3.0, 71, 7.0, 7.0, 84, 6.0, 6.0, 23
4, 7.0, 3.0, 70, 1.0, 4.0, 62, 3.0, 7.0, 68, 7.0, 7.0, 76, 6.0, 6.0, -1
2, 3.0, 7.0, 66, 7.0, 7.0, 85, 44.0, 4.0, 40
2, 1.0, 4.0, 63, 3.0, 7.0, 63, 44.0, 4.0, -1
4, 7.0, 3.0, 71, 1.0, 4.0, 67, 3.0, 7.0, 66, 7.0, 7.0, 83, 44.0, 4.0, -1
3, 1.0, 4.0, 67, 3.0, 7.0, 63, 7.0, 7.0, 85, 44.0, 4.0, -1
3, 7.0, 3.0, 79, 3.0, 7.0, 67, 7.0, 7.0, 84, 44.0, 4.0, 31
4, 7.0, 3.0, 82, 1.0, 4.0, 66, 3.0, 7.0, 62, 7.0, 7.0, 75, 44.0, 4.0, -1
2, 1.0, 4.0, 55, 3.0, 7.0, 68, 44.0, 4.0, 42
3, 1.0, 4.0, 62, 3.0, 7.0, 60, 7.0, 7.0, 76, 44.0, 4.0, -1
4, 7.0, 3.0, 75, 1.0, 4.0, 62, 3.0, 7.0, 64, 7.0, 7.0, 81, 44.0, 4.0, -1
4, 7.0, 3.0, 77, 1.0, 4.0, 60, 3.0, 7.0, 61, 7.0, 7.0, 84, 44.0, 4.0, -1
4, 7.0, 3.0, 72, 1.0, 4.0, 61, 3.0, 7.0, 56, 7.0, 7.0, 75, 44.0, 4.0, -1
4, 7.0, 3.0, 80, 1.0, 4.0, 62, 3.0, 7.0, 59, 7.0, 7.0, 83, 44.0, 4.0, -1
2, 1.0, 4.0, 58, 7.0, 7.0, 76, 2.0, 6.0, 31
3, 7.0, 3.0, 81, 1.0, 4.0, 56, 3.0, 7.0, 59, 2.0, 6.0, 15
4, 7.0, 3.0, 75, 1.0, 4.0, 61, 3.0, 7.0, 62, 7.0, 7.0, 84, 2.0, 6.0, 18
3, 7.0, 3.0, 71, 1.0, 4.0, 62, 3.0, 7.0, 63, 2.0, 6.0, 27
2, 7.0, 3.0, 70, 1.0, 4.0, 65, 2.0, 6.0, 27
4, 7.0, 3.0, 81, 1.0, 4.0, 64, 3.0, 7.0, 62, 7.0, 7.0, 82, 2.0, 6.0, 18
4, 7.0, 3.0, 80, 1.0, 4.0, 56, 3.0, 7.0, 67, 7.0, 7.0, 85, 2.0, 6.0, 25
4, 7.0, 3.0, 80, 1.0, 4.0, 67, 3.0, 7.0, 57, 7.0, 7.0, 78, 2.0, 6.0, -1
3, 1.0, 4.0, 64, 3.0, 7.0, 63, 7.0, 7.0, 76, 2.0, 6.0, -1
3, 7.0, 3.0, 71, 3.0, 7.0, 62, 7.0, 7.0, 84, 2.0, 6.0, 25
2, 7.0, 3.0, 73, 7.0, 7.0, 79, 2.0, 6.0, 31
4, 7.0, 3.0, 75, 1.0, 4.0, 61, 3.0, 7.0, 62, 7.0, 7.0, 85, 2.0, 6.0, 10
2, 7.0, 3.0, 79, 1.0, 4.0, 59, 0.0, 5.0, 43
4, 7.0, 3.0, 80, 1.0, 4.0, 65, 3.0, 7.0, 55, 7.0, 7.0, 82, 0.0, 5.0, -1
3, 7.0, 3.0, 83, 1.0, 4.0, 68, 3.0, 7.0, 59, 0.0, 5.0, -1
4, 7.0, 3.0, 73, 1.0, 4.0, 63, 3.0, 7.0, 56, 7.0, 7.0, 82, 0.0, 5.0, -1
4, 7.0, 3.0, 72, 1.0, 4.0, 61, 3.0, 7.0, 66, 7.0, 7.0, 77, 0.0, 5.0, -1
4, 7.0, 3.0, 70, 1.0, 4.0, 55, 3.0, 7.0, 62, 7.0, 7.0, 80, 0.0, 5.0, 0
4, 7.0, 3.0, 72, 1.0, 4.0, 57, 3.0, 7.0, 55, 7.0, 7.0, 80, 0.0, 5.0, -1
3, 7.0, 3.0, 73, 1.0, 4.0, 60, 7.0, 7.0, 84, 0.0, 5.0, 32
3, 1.0, 4.0, 63, 3.0, 7.0, 63, 7.0, 7.0, 78, 0.0, 5.0, -1
4, 7.0, 3.0, 79, 1.0, 4.0, 57, 3.0, 7.0, 63, 7.0, 7.0, 81, 0.0, 5.0, 30
4, 7.0, 3.0, 78, 1.0, 4.0, 62, 3.0, 7.0, 61, 7.0, 7.0, 76, 0.0, 5.0, -1
3, 7.0, 3.0, 70, 3.0, 7.0, 61, 7.0, 7.0, 75, 0.0, 5.0, 26
2, 7.0, 3.0, 83, 3.0, 7.0, 68, 1.0, 8.0, 42
4, 7.0, 3.0, 76, 1.0, 4.0, 58, 3.0, 7.0, 57, 7.0, 7.0, 80, 1.0, 8.0, 11
2, 7.0, 3.0, 78, 3.0, 7.0, 59, 1.0, 8.0, 26
4, 7.0, 3.0, 74, 1.0, 4.0, 63, 3.0, 7.0, 63, 7.0, 7.0, 82, 1.0, 8.0, -1
3, 1.0, 4.0, 64, 3.0, 7.0, 66, 7.0, 7.0, 78, 1.0, 8.0, -1
2, 3.0, 7.0, 68, 7.0, 7.0, 75, 1.0, 8.0, 31
2, 7.0, 3.0, 70, 3.0, 7.0, 58, 1.0, 8.0, 25
2, 7.0, 3.0, 76, 7.0, 7.0, 85, 1.0, 8.0, 35
3, 1.0, 4.0, 59, 3.0, 7.0, 56, 7.0, 7.0, 80, 1.0, 8.0, -1
2, 7.0, 3.0, 80, 3.0, 7.0, 68, 1.0, 8.0, 35
4, 7.0, 3.0, 73, 1.0, 4.0, 62, 3.0, 7.0, 57, 7.0, 7.0, 77, 1.0, 8.0, -1
4, 7.0, 3.0, 81, 1.0, 4.0, 60, 3.0, 7.0, 62, 7.0, 7.0, 80, 1.0, 8.0, -1
2, 7.0, 3.0, 77, 1.0, 4.0, 62, 3.0, 8.0, 47
3, 7.0, 3.0, 74, 1.0, 4.0, 63, 7.0, 7.0, 75, 3.0, 8.0, -1
3, 7.0, 3.0, 76, 1.0, 4.0, 66, 3.0, 7.0, 55, 3.0, 8.0, -1
4, 7.0, 3.0, 75, 1.0, 4.0, 68, 3.0, 7.0, 60, 7.0, 7.0, 81, 3.0, 8.0, -1
2, 3.0, 7.0, 61, 7.0, 7.0, 77, 3.0, 8.0, 16
2, 7.0, 3.0, 81, 7.0, 7.0, 82, 3.0, 8.0, 38
4, 7.0, 3.0, 72, 1.0, 4.0, 67, 3.0, 7.0, 61, 7.0, 7.0, 79, 3.0, 8.0, -1
3, 7.0, 3.0, 72, 1.0, 4.0, 67, 3.0, 7.0, 58, 3.0, 8.0, -1
4, 7.0, 3.0, 72, 1.0, 4.0, 68, 3.0, 7.0, 65, 7.0, 7.0, 79, 3.0, 8.0, -1
4, 7.0, 3.0, 74, 1.0, 4.0, 64, 3.0, 7.0, 61, 7.0, 7.0, 83, 3.0, 8.0, -1
3, 1.0, 4.0, 61, 3.0, 7.0, 62, 7.0, 7.0, 82, 3.0, 8.0, -1
3, 1.0, 4.0, 57, 3.0, 7.0, 61, 7.0, 7.0, 77, 3.0, 8.0, -1
3, 7.0, 3.0, 72, 1.0, 4.0, 59, 3.0, 7.0, 64, 6.0, 9.0, 24
4, 7.0, 3.0, 74, 1.0, 4.0, 66, 3.0, 7.0, 67, 7.0, 7.0, 76, 6.0, 9.0, -1
2, 7.0, 3.0, 83, 1.0, 4.0, 65, 6.0, 9.0, 36
4, 7.0, 3.0, 77, 1.0, 4.0, 59, 3.0, 7.0, 57, 7.0, 7.0, 75, 6.0, 9.0, -1
4, 7.0, 3.0, 79, 1.0, 4.0, 61, 3.0, 7.0, 66, 7.0, 7.0, 77, 6.0, 9.0, -1
4, 7.0, 3.0, 79, 1.0, 4.0, 64, 3.0, 7.0, 56, 7.0, 7.0, 83, 6.0, 9.0, -1
3, 7.0, 3.0, 73, 1.0, 4.0, 63, 7.0, 7.0, 84, 6.0, 9.0, -1
4, 7.0, 3.0, 81, 1.0, 4.0, 55, 3.0, 7.0, 61, 7.0, 7.0, 84, 6.0, 9.0, -1
4, 7.0, 3.0, 82, 1.0, 4.0, 62, 3.0, 7.0, 62, 7.0, 7.0, 75, 6.0, 9.0, -1
4, 7.0, 3.0, 75, 1.0, 4.0, 66, 3.0, 7.0, 67, 7.0, 7.0, 84, 6.0, 9.0, -1
2, 1.0, 4.0, 66, 3.0, 7.0, 64, 6.0, 9.0, -1
2, 3.0, 7.0, 67, 7.0, 7.0, 79, 6.0, 9.0, -1
3, 7.0, 3.0, 81, 1.0, 4.0, 56, 3.0, 7.0, 60, 9.0, 8.0, -1
2, 7.0, 3.0, 81, 1.0, 4.0, 60, 9.0, 8.0, 40
3, 7.0, 3.0, 82, 1.0, 4.0, 58, 7.0, 7.0, 77, 9.0, 8.0, -1
2, 1.0, 4.0, 55, 3.0, 7.0, 56, 9.0, 8.0, -1
3, 7.0, 3.0, 81, 1.0, 4.0, 59, 3.0, 7.0, 67, 9.0, 8.0, -1
4, 7.0, 3.0, 70, 1.0, 4.0, 62, 3.0, 7.0, 68, 7.0, 7.0, 77, 9.0, 8.0, -1
2, 7.0, 3.0, 73, 3.0, 7.0, 61, 9.0, 8.0, -1
3, 7.0, 3.0, 73, 1.0, 4.0, 61, 3.0, 7.0, 60, 9.0, 8.0, -1
3, 7.0, 3.0, 82, 3.0, 7.0, 62, 7.0, 7.0, 80, 9.0, 8.0, -1
2, 0.0, 1.0, 63, 6.0, 8.0, 84, 0.0, 3.0, -1
4, 6.0, 4.0, 72, 0.0, 1.0, 57, 1.0, 7.0, 57, 6.0, 8.0, 83, 0.0, 3.0, -1
4, 6.0, 4.0, 79, 0.0, 1.0, 56, 1.0, 7.0, 57, 6.0, 9.0, 83, 0.0, 3.0, -1
3, 6.0, 4.0, 72, 0.0, 1.0, 56, 1.0, 7.0, 57, 0.0, 3.0, -1
3, 0.0, 1.0, 54, 1.0, 7.0, 67, 6.0, 9.0, 81, 0.0, 3.0, -1
2, 6.0, 4.0, 77, 1.0, 7.0, 58, 0.0, 3.0, 26
3, 6.0, 4.0, 83, 0.0, 1.0, 51, 6.0, 9.0, 79, 0.0, 3.0, -1
2, 0.0, 1.0, 45, 6.0, 9.0, 77, 0.0, 3.0, -1
3, 0.0, 1.0, 54, 1.0, 7.0, 66, 6.0, 9.0, 80, 0.0, 3.0, -1
3, 6.0, 4.0, 76, 0.0, 1.0, 45, 6.0, 9.0, 75, 0.0, 3.0, -1
3, 6.0, 4.0, 75, 0.0, 1.0, 57, 6.0, 9.0, 81, 0.0, 3.0, -1
2, 1.0, 7.0, 62, 6.0, 9.0, 81, 0.0, 3.0, 45
4, 6.0, 4.0, 75, 0.0, 1.0, 59, 1.0, 7.0, 58, 6.0, 9.0, 82, 0.0, 3.0, -1
3, 6.0, 4.0, 85, 0.0, 1.0, 48, 1.0, 7.0, 62, 0.0, 3.0, 42
3, 6.0, 4.0, 76, 1.0, 7.0, 63, 6.0, 9.0, 80, 0.0, 3.0, 36
2, 6.0, 4.0, 84, 6.0, 9.0, 84, 0.0, 3.0, 42
3, 6.0, 4.0, 79, 0.0, 1.0, 50, 6.0, 9.0, 77, 0.0, 3.0, 35
3, 6.0, 4.0, 77, 1.0, 7.0, 62, 6.0, 9.0, 78, 0.0, 3.0, 42
3, 6.0, 4.0, 82, 0.0, 1.0, 45, 6.0, 9.0, 76, 0.0, 3.0, 40
4, 6.0, 4.0, 83, 0.0, 1.0, 50, 1.0, 7.0, 64, 6.0, 9.0, 80, 0.0, 3.0, 41
3, 6.0, 4.0, 83, 0.0, 1.0, 49, 6.0, 9.0, 77, 0.0, 3.0, 41
2, 6.0, 4.0, 84, 0.0, 1.0, 46, 0.0, 3.0, 44
4, 6.0, 4.0, 79, 0.0, 1.0, 50, 1.0, 7.0, 58, 6.0, 9.0, 79, 0.0, 3.0, -1
3, 6.0, 4.0, 83, 0.0, 1.0, 50, 6.0, 9.0, 81, 0.0, 2.0, -1
3, 6.0, 4.0, 84, 0.0, 1.0, 48, 6.0, 9.0, 78, 0.0, 2.0, -1
3, 0.0, 1.0, 45, 1.0, 7.0, 67, 6.0, 9.0, 81, 0.0, 2.0, 28
2, 6.0, 4.0, 77, 6.0, 9.0, 81, 0.0, 2.0, 37
4, 6.0, 4.0, 84, 0.0, 1.0, 50, 1.0, 7.0, 60, 6.0, 9.0, 79, 0.0, 2.0, 30
2, 0.0, 1.0, 48, 6.0, 9.0, 76, 0.0, 2.0, 32
2, 6.0, 4.0, 85, 0.0, 1.0, 45, 0.0, 2.0, 29
4, 6.0, 4.0, 80, 0.0, 1.0, 47, 1.0, 7.0, 65, 6.0, 9.0, 83, 0.0, 2.0, 31
3, 6.0, 4.0, 85, 1.0, 7.0, 55, 6.0, 9.0, 79, 0.0, 2.0, 19
2, 0.0, 1.0, 50, 1.0, 7.0, 61, 0.0, 2.0, 34
4, 6.0, 4.0, 76, 0.0, 1.0, 48, 1.0, 7.0, 61, 6.0, 9.0, 75, 0.0, 2.0, 32
4, 6.0, 4.0, 84, 0.0, 1.0, 50, 1.0, 7.0, 62, 6.0, 9.0, 83, 0.0, 2.0, 34
2, 6.0, 4.0, 85, 0.0, 1.0, 46, 6.0, 3.0, 34
3, 0.0, 1.0, 49, 1.0, 7.0, 60, 6.0, 9.0, 85, 6.0, 3.0, 31
4, 6.0, 4.0, 81, 0.0, 1.0, 48, 1.0, 7.0, 66, 6.0, 9.0, 85, 6.0, 3.0, 30
3, 6.0, 4.0, 81, 0.0, 1.0, 48, 1.0, 7.0, 63, 6.0, 3.0, 27
2, 0.0, 1.0, 47, 6.0, 9.0, 82, 6.0, 3.0, 42
2, 0.0, 1.0, 47, 6.0, 9.0, 81, 6.0, 3.0, 42
4, 6.0, 4.0, 80, 0.0, 1.0, 46, 1.0, 7.0, 56, 6.0, 9.0, 76, 6.0, 3.0, 20
2, 6.0, 4.0, 79, 6.0, 9.0, 82, 6.0, 3.0, 29
3, 0.0, 1.0, 50, 1.0, 7.0, 63, 6.0, 9.0, 83, 6.0, 3.0, 42
2, 0.0, 1.0, 45, 6.0, 9.0, 84, 6.0, 3.0, 40
4, 6.0, 4.0, 81, 0.0, 1.0, 49, 1.0, 7.0, 65, 6.0, 9.0, 84, 8.0, 2.0, 30
2, 6.0, 4.0, 80, 1.0, 7.0, 66, 8.0, 2.0, 31
2, 6.0, 4.0, 84, 1.0, 7.0, 63, 8.0, 2.0, 35
2, 6.0, 4.0, 76, 1.0, 7.0, 68, 8.0, 2.0, 36
2, 6.0, 4.0, 76, 6.0, 9.0, 76, 8.0, 2.0, 30
3, 0.0, 1.0, 47, 1.0, 7.0, 56, 6.0, 9.0, 78, 8.0, 2.0, 36
3, 0.0, 1.0, 48, 1.0, 7.0, 56, 6.0, 9.0, 84, 8.0, 2.0, 36
4, 6.0, 4.0, 75, 0.0, 1.0, 49, 1.0, 7.0, 59, 6.0, 9.0, 81, 8.0, 2.0, 20
3, 0.0, 1.0, 50, 1.0, 7.0, 63, 6.0, 9.0, 78, 8.0, 2.0, 34
4, 6.0, 4.0, 81, 0.0, 1.0, 50, 1.0, 7.0, 61, 6.0, 9.0, 75, 8.0, 2.0, 29
2, 6.0, 4.0, 85, 0.0, 1.0, 49, 7.0, 5.0, 24
3, 0.0, 1.0, 47, 1.0, 7.0, 58, 6.0, 9.0, 83, 7.0, 5.0, -1
3, 6.0, 4.0, 75, 0.0, 1.0, 50, 6.0, 9.0, 79, 7.0, 5.0, -1
3, 6.0, 4.0, 78, 0.0, 1.0, 47, 6.0, 9.0, 83, 7.0, 5.0, -1
3, 6.0, 4.0, 81, 0.0, 1.0, 50, 6.0, 9.0, 79, 7.0, 5.0, -1
2, 1.0, 7.0, 68, 6.0, 9.0, 82, 7.0, 5.0, -1
4, 6.0, 4.0, 78, 0.0, 1.0, 49, 1.0, 7.0, 64, 6.0, 9.0, 83, 7.0, 5.0, -1
4, 6.0, 4.0, 78, 0.0, 1.0, 47, 1.0, 7.0, 62, 6.0, 9.0, 81, 7.0, 5.0, -1
3, 6.0, 4.0, 76, 1.0, 7.0, 65, 6.0, 9.0, 75, 7.0, 5.0, -1
3, 6.0, 3.0, 80, 0.0, 1.0, 46, 6.0, 9.0, 76, 7.0, 5.0, 26
3, 6.0, 3.0, 82, 1.0, 7.0, 68, 6.0, 9.0, 76, 7.0, 5.0, 28
3, 6.0, 3.0, 81, 1.0, 7.0, 65, 6.0, 9.0, 81, 7.0, 5.0, 28
4, 6.0, 3.0, 83, 0.0, 1.0, 47, 1.0, 7.0, 64, 6.0, 9.0, 78, 7.0, 5.0, 28
4, 6.0, 3.0, 77, 0.0, 1.0, 47, 1.0, 7.0, 61, 6.0, 9.0, 82, 7.0, 5.0, 21
4, 6.0, 3.0, 77, 0.0, 1.0, 48, 1.0, 7.0, 66, 6.0, 9.0, 83, 7.0, 5.0, 20
3, 0.0, 1.0, 46, 1.0, 7.0, 65, 6.0, 9.0, 82, 7.0, 5.0, 33
3, 6.0, 3.0, 75, 1.0, 7.0, 59, 6.0, 9.0, 77, 7.0, 5.0, 22
4, 6.0, 3.0, 79, 0.0, 1.0, 46, 1.0, 7.0, 66, 6.0, 9.0, 79, 7.0, 5.0, 25
2, 6.0, 3.0, 78, 1.0, 7.0, 61, 7.0, 5.0, 25
3, 6.0, 3.0, 84, 1.0, 7.0, 59, 6.0, 9.0, 81, 1.0, 8.0, 10
3, 6.0, 3.0, 81, 0.0, 1.0, 47, 1.0, 7.0, 59, 1.0, 8.0, 10
4, 6.0, 3.0, 76, 0.0, 1.0, 50, 1.0, 7.0, 66, 6.0, 9.0, 75, 1.0, 8.0, 19
3, 6.0, 3.0, 79, 1.0, 7.0, 60, 6.0, 9.0, 76, 1.0, 8.0, 24
2, 0.0, 1.0, 49, 1.0, 7.0, 67, 1.0, 8.0, 20
2, 1.0, 7.0, 63, 6.0, 9.0, 85, 1.0, 8.0, 16
4, 6.0, 3.0, 82, 0.0, 1.0, 47, 1.0, 7.0, 60, 6.0, 9.0, 77, 1.0, 8.0, 12
4, 6.0, 3.0, 85, 0.0, 1.0, 47, 1.0, 7.0, 63, 6.0, 9.0, 76, 1.0, 8.0, 15
2, 6.0, 3.0, 77, 0.0, 1.0, 49, 1.0, 8.0, 30
2, 6.0, 3.0, 77, 1.0, 7.0, 68, 1.0, 8.0, 20
3, 6.0, 4.0, 83, 1.0, 7.0, 55, 6.0, 9.0, 82, 1.0, 7.0, -1
4, 6.0, 4.0, 81, 0.0, 1.0, 50, 1.0, 7.0, 57, 6.0, 9.0, 81, 1.0, 7.0, -1
3, 6.0, 4.0, 83, 0.0, 1.0, 49, 1.0, 7.0, 67, 1.0, 7.0, 24
3, 0.0, 1.0, 49, 1.0, 7.0, 64, 6.0, 9.0, 82, 1.0, 7.0, 12
3, 0.0, 1.0, 50, 1.0, 7.0, 66, 6.0, 9.0, 76, 1.0, 7.0, 15
3, 6.0, 4.0, 82, 1.0, 7.0, 58, 6.0, 9.0, 84, 1.0, 7.0, 4
4, 6.0, 4.0, 79, 0.0, 1.0, 50, 1.0, 7.0, 57, 6.0, 9.0, 83, 1.0, 7.0, 1
3, 6.0, 4.0, 79, 0.0, 1.0, 47, 1.0, 7.0, 55, 1.0, 7.0, 0
3, 0.0, 1.0, 47, 1.0, 7.0, 57, 6.0, 9.0, 80, 1.0, 7.0, 4
2, 1.0, 7.0, 59, 6.0, 9.0, 84, 1.0, 7.0, 24
4, 6.0, 4.0, 77, 0.0, 1.0, 47, 1.0, 7.0, 64, 6.0, 9.0, 79, 1.0, 7.0, 24
4, 6.0, 4.0, 75, 0.0, 1.0, 47, 1.0, 7.0, 62, 6.0, 9.0, 83, 1.0, 7.0, 19
3, 0.0, 1.0, 49, 1.0, 7.0, 66, 6.0, 9.0, 80, 6.0, 9.0, 24
4, 6.0, 4.0, 82, 0.0, 1.0, 46, 1.0, 7.0, 62, 6.0, 9.0, 77, 6.0, 9.0, 24
4, 6.0, 4.0, 75, 0.0, 1.0, 45, 1.0, 7.0, 57, 6.0, 9.0, 75, 6.0, 9.0, 17
3, 6.0, 4.0, 78, 0.0, 1.0, 46, 1.0, 7.0, 55, 6.0, 9.0, 16
3, 6.0, 4.0, 81, 1.0, 7.0, 57, 6.0, 9.0, 83, 6.0, 9.0, 20
3, 6.0, 4.0, 85, 0.0, 1.0, 47, 1.0, 7.0, 67, 6.0, 9.0, 34
3, 0.0, 1.0, 47, 1.0, 7.0, 56, 6.0, 9.0, 82, 6.0, 9.0, 19
4, 6.0, 4.0, 75, 0.0, 1.0, 49, 1.0, 7.0, 58, 6.0, 9.0, 77, 6.0, 9.0, 19
2, 0.0, 1.0, 46, 6.0, 9.0, 76, 6.0, 9.0, 18
2, 6.0, 4.0, 80, 1.0, 7.0, 57, 6.0, 9.0, 30
4, 6.0, 4.0, 76, 0.0, 1.0, 47, 1.0, 7.0, 68, 6.0, 9.0, 82, 9.0, 7.0, 28
3, 6.0, 4.0, 80, 1.0, 7.0, 62, 6.0, 9.0, 75, 9.0, 7.0, 27
4, 6.0, 4.0, 78, 0.0, 1.0, 45, 1.0, 7.0, 56, 6.0, 9.0, 83, 9.0, 7.0, 29
2, 6.0, 4.0, 75, 1.0, 7.0, 66, 9.0, 7.0, 29
3, 6.0, 4.0, 83, 0.0, 1.0, 45, 6.0, 9.0, 82, 9.0, 7.0, 36
4, 6.0, 4.0, 83, 0.0, 1.0, 45, 1.0, 7.0, 67, 6.0, 9.0, 79, 9.0, 7.0, 33
2, 1.0, 7.0, 57, 6.0, 9.0, 79, 9.0, 7.0, 33
3, 6.0, 4.0, 81, 0.0, 1.0, 46, 6.0, 9.0, 85, 9.0, 7.0, 33
4, 6.0, 4.0, 75, 0.0, 1.0, 49, 1.0, 7.0, 67, 6.0, 9.0, 83, 9.0, 7.0, 23
2, 0.0, 1.0, 45, 6.0, 9.0, 82, 9.0, 7.0, 42
2, 6.0, 4.0, 78, 0.0, 1.0, 47, 4.0, 6.0, 36
4, 6.0, 4.0, 79, 0.0, 1.0, 46, 1.0, 7.0, 61, 6.0, 9.0, 79, 4.0, 6.0, 36
2, 0.0, 1.0, 49, 6.0, 9.0, 84, 4.0, 6.0, 42
3, 0.0, 1.0, 45, 1.0, 7.0, 63, 6.0, 9.0, 76, 4.0, 6.0, 33
2, 6.0, 4.0, 80, 1.0, 7.0, 67, 4.0, 6.0, 40
2, 0.0, 1.0, 50, 1.0, 7.0, 57, 4.0, 6.0, 35
2, 6.0, 4.0, 78, 1.0, 7.0, 62, 4.0, 6.0, 38
4, 6.0, 4.0, 84, 0.0, 1.0, 45, 1.0, 7.0, 58, 6.0, 9.0, 82, 4.0, 6.0, 28
2, 6.0, 4.0, 76, 0.0, 1.0, 45, 4.0, 6.0, 34
3, 6.0, 4.0, 75, 0.0, 1.0, 50, 6.0, 9.0, 75, 4.0, 6.0, 26
