# 101    102     104     105     120     130     140     150     158     160     166     170     180     188     190     200     210
-89.61, -89.98, -89.99, -90.01, -84.96, -89.98, -89.78, -89.63, -90.14, -90.02, -89.92, -90.14, -90.00, -89.79, -89.56, -89.98, -89.85, 0.0, 3.0, 40.8
-89.77, -89.72, -89.53, -89.33, -90.07, -90.05, -89.88, -89.71, -90.17, -89.99, -89.94, -90.12, -89.99, -89.95, -89.89, -89.67, -89.99, 0.0, 3.0, 60.4
-89.29, -89.85, -90.01, -89.99, -80.93, -89.82, -89.30, -89.48, -90.08, -90.01, -89.68, -90.10, -89.98, -89.54, -89.49, -89.83, -89.86, 0.0, 3.0, 48.0
-89.17, -89.71, -89.82, -89.70, -80.00, -89.78, -89.17, -89.56, -90.07, -90.00, -89.62, -90.10, -89.98, -89.51, -89.58, -89.97, -89.87, 0.0, 3.0, 49.1
-89.63, -89.76, -89.57, -89.43, -90.06, -90.02, -89.72, -89.34, -90.07, -90.00, -89.85, -90.09, -89.98, -89.84, -89.84, -89.04, -89.92, 0.0, 3.0, 60.4
-89.51, -89.94, -89.98, -89.98, -83.49, -89.94, -89.62, -89.59, -90.10, -90.00, -89.82, -90.11, -90.00, -89.85, -89.92, -89.55, -89.96, 0.0, 3.0, 45.0
-89.25, -89.30, -88.97, -88.65, -82.64, -89.83, -89.40, -89.29, -90.02, -90.00, -89.65, -90.12, -90.00, -89.67, -89.45, -89.43, -89.74, 0.0, 3.0, 46.0
-88.32, -89.00, -89.04, -88.54, -76.28, -89.43, -88.15, -89.35, -89.90, -90.00, -89.09, -90.10, -89.97, -89.02, -89.60, -89.85, -89.85, 0.0, 3.0, 54.2
-89.44, -89.90, -90.03, -89.98, -82.69, -89.92, -89.50, -89.49, -90.09, -90.00, -89.78, -90.11, -89.97, -89.70, -89.76, -89.50, -89.92, 0.0, 3.0, 46.0
-89.32, -89.73, -89.80, -89.63, -80.97, -89.84, -89.30, -89.61, -90.07, -89.99, -89.71, -90.10, -89.99, -89.60, -89.77, -89.85, -89.87, 0.0, 3.0, 49.1
-88.84, -89.66, -89.99, -89.89, -78.11, -89.61, -88.79, -89.36, -90.05, -90.00, -89.43, -90.10, -89.99, -89.21, -89.36, -90.01, -89.77, 0.0, 1.0, 55.2
-89.40, -89.75, -89.84, -89.71, -81.60, -89.85, -89.41, -89.53, -90.13, -90.00, -89.73, -90.11, -89.97, -89.65, -89.57, -89.87, -89.84, 0.0, 1.0, 51.1
-89.37, -89.17, -88.85, -88.41, -82.50, -89.84, -89.48, -89.47, -90.06, -89.99, -89.74, -90.09, -90.00, -89.59, -89.23, -90.06, -89.78, 0.0, 1.0, 49.1
-88.69, -89.57, -89.99, -89.87, -77.18, -89.49, -88.54, -89.19, -89.90, -90.01, -89.25, -90.10, -89.97, -89.07, -89.17, -90.00, -89.73, 0.0, 1.0, 56.3
-89.46, -89.88, -90.00, -89.98, -82.52, -89.88, -89.57, -89.41, -90.11, -90.00, -89.80, -90.10, -89.98, -89.56, -89.12, -90.08, -89.66, 0.0, 1.0, 50.1
-89.28, -89.80, -90.00, -89.97, -79.90, -89.78, -89.25, -89.63, -90.07, -90.00, -89.61, -90.11, -89.99, -89.50, -89.77, -89.96, -89.92, 0.0, 1.0, 53.2
-87.50, -88.99, -89.88, -89.54, -73.33, -88.86, -86.95, -88.97, -89.62, -89.99, -88.30, -90.11, -89.98, -88.26, -89.48, -89.87, -89.81, 0.0, 1.0, 57.3
-88.95, -89.53, -89.74, -89.60, -77.97, -89.65, -88.75, -89.53, -90.01, -89.99, -89.36, -90.11, -90.00, -89.34, -89.69, -90.04, -89.92, 0.0, 1.0, 52.2
-89.64, -89.25, -88.83, -88.44, -84.92, -89.99, -89.68, -89.90, -90.17, -90.01, -89.86, -90.10, -89.98, -89.94, -89.93, -90.09, -90.03, 0.0, 1.0, 45.0
-89.84, -90.01, -90.02, -90.03, -90.07, -90.04, -90.02, -89.80, -90.23, -90.02, -90.03, -90.12, -89.97, -89.96, -89.78, -90.03, -89.92, 2.0, 4.0, 39.8
-89.37, -89.88, -90.01, -89.98, -81.63, -89.87, -89.40, -89.56, -90.11, -90.00, -89.74, -90.10, -89.97, -89.63, -89.70, -89.68, -89.83, 2.0, 4.0, 49.1
-89.43, -89.81, -89.91, -89.81, -81.58, -89.90, -89.44, -89.73, -90.09, -90.01, -89.80, -90.11, -89.98, -89.63, -89.76, -89.97, -89.92, 2.0, 4.0, 43.9
-88.25, -89.04, -89.24, -88.88, -76.00, -89.36, -88.05, -89.10, -89.92, -89.98, -89.12, -90.14, -89.99, -88.75, -89.32, -89.47, -89.73, 2.0, 4.0, 46.0
-89.02, -89.52, -89.56, -89.39, -79.63, -89.74, -89.05, -89.35, -90.03, -89.99, -89.61, -90.11, -89.97, -89.36, -89.32, -89.72, -89.64, 2.0, 4.0, 49.1
-87.29, -88.99, -89.99, -89.71, -73.21, -88.91, -86.99, -88.96, -89.87, -90.00, -88.50, -90.11, -89.99, -87.97, -89.28, -89.73, -89.68, 2.0, 4.0, 57.3
-89.63, -89.89, -89.84, -89.82, -90.04, -90.00, -89.91, -89.45, -90.07, -89.99, -89.97, -90.10, -89.99, -89.77, -89.27, -89.80, -89.60, 2.0, 4.0, 49.1
-89.73, -89.69, -89.53, -89.34, -90.08, -90.04, -89.95, -89.66, -90.06, -90.01, -89.99, -90.12, -89.98, -89.86, -89.53, -89.96, -89.80, 2.0, 4.0, 45.0
-89.26, -89.80, -90.00, -89.96, -79.84, -89.81, -89.20, -89.72, -90.05, -90.00, -89.67, -90.16, -89.97, -89.49, -89.90, -89.89, -89.95, 2.0, 4.0, 46.0
-89.85, -89.84, -89.69, -89.57, -90.09, -90.07, -89.94, -89.88, -90.05, -90.01, -90.00, -90.10, -89.99, -90.01, -89.96, -89.92, -89.97, 2.0, 4.0, 48.0
-88.18, -89.30, -89.56, -89.30, -76.01, -89.35, -88.03, -88.85, -89.98, -90.01, -88.89, -90.10, -89.99, -88.84, -89.27, -89.24, -89.71, 8.0, 3.0, 52.2
-89.63, -89.96, -89.99, -89.98, -84.18, -89.98, -89.64, -89.67, -90.04, -90.01, -89.81, -90.11, -89.98, -89.82, -89.93, -89.70, -89.97, 8.0, 3.0, 49.1
-89.52, -89.81, -89.80, -89.78, -83.30, -89.92, -89.61, -89.64, -90.03, -90.00, -89.80, -90.11, -89.99, -89.75, -89.76, -89.72, -89.93, 9.0, 1.0, 40.8
-89.40, -89.53, -89.26, -89.11, -83.38, -89.82, -89.47, -89.26, -90.01, -90.00, -89.74, -90.10, -89.98, -89.60, -89.40, -89.42, -89.80, 9.0, 1.0, 46.0
-89.84, -89.97, -89.87, -89.85, -90.08, -90.07, -89.96, -89.82, -90.02, -90.01, -90.00, -90.10, -89.98, -89.99, -89.96, -89.84, -89.99, 9.0, 1.0, 38.8
-89.81, -89.50, -88.97, -88.72, -90.07, -90.03, -89.91, -89.87, -90.03, -89.99, -89.96, -90.14, -89.98, -90.01, -89.80, -90.12, -89.98, 9.0, 1.0, 46.0
-89.02, -89.18, -88.80, -88.49, -79.02, -89.72, -88.94, -89.70, -90.01, -90.00, -89.46, -90.14, -89.99, -89.48, -89.84, -90.04, -89.88, 9.0, 1.0, 49.1
-88.66, -89.45, -89.52, -89.30, -77.23, -89.54, -88.50, -89.47, -90.01, -90.01, -89.21, -90.09, -89.99, -89.17, -89.81, -89.83, -89.97, 9.0, 1.0, 43.9
-87.30, -89.13, -90.00, -89.74, -73.27, -88.86, -86.94, -88.97, -89.96, -89.99, -88.29, -90.10, -89.96, -88.32, -89.63, -89.71, -89.89, 9.0, 1.0, 61.4
-89.86, -89.65, -89.32, -89.10, -90.09, -90.06, -89.93, -89.90, -90.03, -89.99, -89.99, -90.08, -89.98, -90.02, -89.95, -89.98, -90.03, 9.0, 1.0, 46.0
-89.59, -89.82, -89.73, -89.66, -84.17, -89.93, -89.67, -89.64, -90.02, -89.99, -89.84, -90.15, -89.99, -89.80, -89.66, -89.87, -89.94, 8.0, 5.0, 27.4
-89.42, -89.77, -89.80, -89.62, -81.53, -89.87, -89.41, -89.70, -90.04, -90.01, -89.72, -90.14, -89.97, -89.76, -89.89, -89.84, -90.00, 8.0, 5.0, 49.1
-89.64, -89.89, -89.74, -89.76, -90.10, -89.52, -90.00, -89.62, -90.03, -90.01, -90.03, -90.09, -89.98, -89.83, -89.34, -90.09, -89.84, 8.0, 5.0, 38.8
-88.03, -89.22, -89.65, -89.24, -75.02, -89.25, -87.79, -89.32, -89.99, -90.00, -88.82, -90.13, -89.99, -88.83, -89.75, -89.94, -89.95, 8.0, 5.0, 59.4
-89.87, -89.95, -89.92, -89.91, -90.06, -90.04, -90.03, -89.84, -90.04, -90.01, -90.03, -90.15, -89.99, -89.99, -89.79, -90.11, -89.96, 8.0, 5.0, 33.6
-89.72, -89.92, -89.85, -89.79, -90.06, -89.95, -89.90, -89.35, -90.03, -90.00, -89.98, -90.12, -89.99, -89.75, -89.22, -89.73, -89.77, 8.0, 5.0, 47.0
-89.61, -89.72, -89.53, -89.27, -90.04, -89.94, -89.77, -89.27, -90.00, -90.01, -89.87, -90.10, -89.97, -89.73, -89.40, -89.26, -89.78, 8.0, 5.0, 36.7
-89.45, -89.68, -89.61, -89.45, -81.70, -89.89, -89.46, -89.75, -90.01, -90.01, -89.75, -90.11, -89.98, -89.73, -89.83, -90.08, -89.86, 9.0, 8.0, 59.4
-87.55, -89.27, -89.98, -89.75, -74.05, -88.86, -87.23, -88.61, -89.96, -90.00, -88.44, -90.11, -89.97, -88.34, -89.29, -89.07, -89.63, 9.0, 8.0, 58.3
-89.63, -89.51, -89.34, -88.94, -84.23, -89.95, -89.69, -89.81, -90.01, -90.01, -89.84, -90.10, -89.98, -89.86, -89.84, -90.00, -89.95, 9.0, 8.0, 51.1
-89.84, -89.67, -89.48, -89.12, -90.07, -90.06, -89.97, -89.93, -90.01, -89.99, -90.01, -90.12, -89.99, -89.97, -89.89, -90.11, -89.61, 9.0, 8.0, 64.5
-89.67, -89.83, -89.85, -89.73, -84.24, -89.95, -89.74, -89.71, -90.02, -90.00, -89.88, -90.10, -90.00, -89.81, -89.62, -90.11, -89.84, 9.0, 8.0, 64.5
-89.72, -89.72, -89.55, -89.27, -90.08, -90.04, -89.81, -89.55, -90.01, -90.00, -89.91, -90.08, -89.98, -89.91, -89.89, -89.40, -89.95, 9.0, 8.0, 57.3
-89.83, -89.91, -89.79, -89.68, -90.09, -90.07, -89.96, -89.79, -90.05, -90.01, -89.95, -90.10, -89.99, -89.98, -89.94, -89.74, -90.01, 9.0, 8.0, 61.4
-89.02, -89.28, -89.21, -88.67, -78.96, -89.67, -88.94, -89.64, -90.03, -89.99, -89.47, -90.11, -89.98, -89.48, -89.69, -90.05, -89.95, 9.0, 8.0, 64.5
-89.70, -89.78, -89.82, -89.92, -90.04, -90.01, -89.84, -89.52, -90.02, -90.01, -89.93, -90.10, -89.99, -89.80, -89.56, -89.40, -89.54, 9.0, 8.0, 56.3
-87.33, -89.07, -89.88, -89.56, -73.29, -88.86, -86.94, -88.92, -89.98, -90.00, -88.28, -90.13, -89.98, -88.28, -89.38, -89.75, -89.80, 7.0, 7.0, 38.8
-89.76, -89.46, -89.03, -88.56, -90.08, -90.07, -89.81, -89.66, -90.01, -90.01, -89.89, -90.14, -89.97, -89.96, -89.92, -89.55, -89.96, 7.0, 7.0, 53.2
-89.20, -89.51, -89.58, -89.30, -80.98, -89.76, -89.25, -89.37, -90.00, -90.00, -89.60, -90.08, -89.97, -89.50, -88.93, -89.88, -89.56, 7.0, 7.0, 45.0
-88.52, -89.10, -89.06, -88.41, -77.30, -89.45, -88.45, -89.30, -89.99, -89.99, -89.21, -90.12, -90.00, -89.04, -89.06, -89.99, -89.63, 7.0, 7.0, 45.0
-88.52, -89.58, -89.88, -89.67, -77.31, -89.41, -88.46, -89.12, -90.00, -90.01, -89.22, -90.10, -90.01, -88.97, -88.86, -89.71, -89.52, 7.0, 7.0, 49.1
-87.65, -89.22, -89.89, -89.67, -74.22, -89.08, -87.31, -89.08, -89.95, -89.99, -88.54, -90.12, -90.00, -88.48, -89.34, -89.85, -89.78, 7.0, 7.0, 39.8
-89.22, -89.76, -89.74, -89.67, -82.45, -89.39, -88.95, -88.94, -90.01, -89.98, -89.60, -90.10, -89.99, -89.51, -89.57, -88.75, -89.70, 7.0, 7.0, 49.1
-89.21, -89.85, -90.01, -90.01, -80.09, -89.81, -89.19, -89.69, -90.03, -89.98, -89.60, -90.13, -89.98, -89.58, -89.89, -89.92, -90.01, 7.0, 7.0, 45.0
-87.95, -89.28, -89.75, -89.51, -75.24, -89.22, -87.68, -88.97, -89.96, -89.98, -88.80, -90.10, -89.97, -88.64, -89.36, -89.50, -89.76, 7.0, 7.0, 40.8
-89.35, -89.65, -89.61, -89.41, -81.09, -89.86, -89.33, -89.80, -90.07, -90.01, -89.69, -90.11, -89.98, -89.70, -89.91, -90.10, -90.01, 7.0, 7.0, 57.3
-88.74, -89.66, -89.88, -89.78, -78.21, -89.63, -88.68, -89.24, -89.98, -90.01, -89.47, -90.12, -89.97, -89.22, -89.76, -89.18, -89.90, 4.0, 8.0, 48.0
-89.71, -89.58, -89.30, -88.88, -90.08, -90.02, -89.73, -89.50, -90.09, -89.99, -89.84, -90.08, -90.00, -89.93, -89.84, -89.39, -89.95, 4.0, 8.0, 48.0
-89.26, -89.80, -89.71, -89.64, -85.20, -89.80, -89.37, -88.79, -90.02, -90.00, -89.64, -90.13, -90.00, -89.48, -89.06, -88.68, -89.52, 4.0, 8.0, 51.1
-89.79, -89.84, -89.67, -89.54, -90.08, -90.05, -89.90, -89.72, -90.12, -90.01, -89.94, -90.09, -89.98, -89.95, -89.91, -89.69, -89.97, 4.0, 8.0, 43.9
-89.14, -89.80, -89.88, -89.77, -81.88, -89.71, -89.19, -89.05, -90.03, -90.00, -89.70, -90.10, -90.00, -89.41, -88.80, -89.27, -89.41, 4.0, 8.0, 47.0
-89.71, -89.90, -89.76, -89.64, -90.02, -89.90, -90.01, -89.39, -90.11, -90.01, -90.02, -90.13, -89.98, -89.75, -88.69, -90.11, -89.44, 4.0, 8.0, 57.3
-87.13, -88.99, -89.96, -89.83, -73.32, -88.85, -87.02, -88.55, -89.92, -90.01, -87.94, -90.15, -89.97, -87.91, -89.09, -89.63, -89.68, 4.0, 8.0, 52.2
-89.55, -89.93, -89.82, -89.72, -90.03, -89.96, -89.68, -89.15, -90.09, -90.02, -89.80, -90.10, -89.98, -89.70, -89.61, -88.88, -89.79, 4.0, 8.0, 45.0
-87.98, -89.20, -89.58, -89.20, -74.69, -89.19, -87.53, -89.06, -89.96, -89.99, -89.11, -90.10, -90.01, -89.59, -89.57, -90.01, -89.80, 4.0, 8.0, 48.0
-89.53, -89.87, -89.84, -89.78, -83.46, -89.91, -89.59, -89.62, -90.13, -90.01, -89.80, -90.10, -89.97, -89.75, -89.76, -89.65, -89.90, 2.0, 8.0, 42.9
-87.10, -88.78, -89.28, -88.70, -73.25, -88.90, -86.82, -88.35, -89.67, -89.98, -88.13, -90.13, -89.99, -87.88, -88.85, -88.84, -89.48, 2.0, 8.0, 48.0
-89.67, -89.27, -88.89, -88.22, -85.10, -90.02, -89.68, -89.93, -90.12, -89.99, -89.85, -90.10, -89.99, -89.92, -89.93, -90.09, -90.01, 2.0, 8.0, 61.4
-89.50, -89.64, -89.62, -89.36, -81.81, -89.90, -89.54, -89.85, -90.14, -90.00, -89.77, -90.10, -89.99, -89.75, -89.95, -90.08, -90.02, 2.0, 8.0, 66.6
-88.76, -89.66, -89.99, -89.95, -78.23, -89.62, -88.78, -89.35, -90.03, -90.00, -89.34, -90.13, -89.99, -89.23, -89.50, -89.59, -89.79, 2.0, 8.0, 43.9
-88.74, -89.52, -89.89, -89.68, -77.43, -89.58, -88.73, -89.63, -90.06, -90.01, -89.22, -90.12, -89.99, -89.21, -89.86, -90.03, -89.99, 2.0, 8.0, 68.6
-89.81, -90.02, -89.90, -89.86, -90.07, -90.04, -89.97, -89.73, -90.16, -90.00, -89.99, -90.09, -90.00, -89.93, -89.72, -89.81, -89.89, 2.0, 8.0, 40.8
-89.66, -89.57, -89.24, -88.89, -90.04, -89.91, -89.89, -89.46, -90.12, -90.01, -89.97, -90.14, -89.99, -89.73, -88.90, -89.96, -89.50, 2.0, 8.0, 36.7
-88.76, -89.21, -88.95, -88.45, -79.96, -89.64, -88.82, -88.88, -89.92, -90.00, -89.36, -90.16, -89.99, -89.27, -89.39, -88.54, -89.70, 2.0, 8.0, 50.1
-89.83, -89.35, -89.96, -90.01, -90.02, -88.92, -88.90, -89.55, -85.49, -89.99, -89.91, -90.09, -89.99, -89.93, -89.77, -89.78, -89.96, 0.0, 2.0, 45.0
-89.82, -89.57, -84.15, -89.66, -90.02, -89.31, -89.26, -89.70, -86.70, -90.01, -89.92, -90.09, -89.99, -89.71, -89.85, -89.83, -89.98, 0.0, 2.0, 32.6
-89.77, -89.46, -85.50, -89.92, -89.96, -89.20, -89.03, -89.66, -86.09, -90.00, -89.88, -90.14, -89.96, -89.28, -89.90, -89.82, -90.00, 0.0, 2.0, 43.9
-89.52, -88.17, -84.10, -89.81, -89.73, -87.48, -86.97, -88.99, -81.34, -90.00, -89.49, -90.10, -89.98, -88.57, -89.59, -89.22, -89.92, 0.0, 2.0, 50.1
-89.81, -89.47, -90.02, -90.00, -90.01, -89.21, -89.12, -89.71, -86.13, -90.02, -89.91, -90.11, -89.98, -89.60, -89.88, -89.87, -90.00, 0.0, 2.0, 43.9
-89.23, -87.65, -78.63, -89.37, -89.53, -86.96, -86.54, -88.67, -80.45, -90.01, -89.27, -90.09, -89.98, -87.71, -89.48, -88.98, -89.84, 0.0, 2.0, 52.2
-89.70, -90.01, -81.89, -89.75, -89.91, -89.55, -89.90, -89.63, -89.68, -90.02, -89.81, -90.11, -89.99, -88.50, -89.73, -89.68, -89.99, 0.0, 2.0, 60.4
-89.72, -89.65, -90.00, -90.04, -89.89, -89.24, -89.31, -89.59, -87.06, -89.99, -89.77, -90.15, -89.98, -88.47, -89.80, -89.69, -89.99, 0.0, 2.0, 40.8
-89.82, -89.17, -89.99, -89.99, -90.02, -88.77, -88.70, -89.50, -84.61, -90.00, -89.90, -90.09, -89.98, -89.91, -89.77, -89.70, -89.97, 0.0, 2.0, 46.0
-89.55, -89.70, -78.50, -89.45, -89.82, -89.42, -89.36, -89.65, -87.41, -90.01, -89.70, -90.11, -90.01, -88.24, -89.82, -89.73, -89.97, 0.0, 0.0, 46.0
-89.79, -89.70, -84.14, -89.87, -90.00, -89.35, -89.49, -89.64, -87.59, -90.00, -89.91, -90.10, -89.99, -89.45, -89.78, -89.81, -89.99, 0.0, 0.0, 47.0
-88.81, -86.20, -89.92, -89.96, -88.97, -85.09, -84.57, -87.86, -77.61, -89.99, -88.78, -90.10, -89.98, -86.58, -89.06, -88.15, -89.68, 0.0, 0.0, 63.5
-89.20, -86.70, -89.97, -89.98, -89.45, -85.59, -85.32, -88.10, -78.40, -90.01, -89.38, -90.11, -89.97, -89.48, -89.15, -88.55, -89.73, 0.0, 0.0, 46.0
-89.68, -89.31, -89.94, -90.09, -89.84, -89.02, -88.85, -89.60, -85.26, -89.99, -89.70, -90.10, -89.99, -88.50, -89.86, -89.72, -90.00, 0.0, 0.0, 53.2
-89.82, -90.10, -85.42, -89.94, -89.96, -90.05, -89.93, -89.82, -89.78, -90.00, -89.80, -90.14, -89.98, -88.54, -89.97, -89.97, -90.04, 0.0, 0.0, 54.2
-89.45, -89.97, -84.17, -89.87, -89.59, -89.85, -89.71, -89.81, -89.24, -90.02, -89.38, -90.10, -89.98, -86.43, -89.94, -89.64, -89.60, 0.0, 0.0, 56.3
-89.57, -88.76, -85.91, -89.88, -89.78, -88.04, -88.02, -89.16, -82.88, -90.00, -89.67, -90.09, -89.98, -88.70, -89.63, -89.39, -89.91, 1.0, 3.0, 46.0
-88.96, -86.30, -81.03, -89.55, -89.32, -85.07, -84.66, -87.80, -77.54, -89.98, -89.15, -90.09, -89.98, -88.08, -89.00, -88.24, -89.68, 1.0, 3.0, 23.3
-89.60, -88.73, -90.00, -89.99, -89.76, -88.19, -88.04, -89.29, -82.90, -90.00, -89.67, -90.11, -89.96, -88.69, -89.73, -89.52, -89.93, 1.0, 3.0, 50.1
-89.56, -89.70, -76.29, -88.99, -90.02, -89.08, -89.36, -89.42, -87.53, -90.00, -89.88, -90.10, -89.99, -89.42, -89.63, -89.68, -89.92, 1.0, 3.0, 40.8
-89.66, -88.98, -84.80, -89.87, -89.88, -88.42, -88.33, -89.31, -83.75, -90.01, -89.74, -90.09, -90.00, -88.91, -89.65, -89.49, -89.92, 1.0, 3.0, 46.0
-89.90, -90.05, -90.01, -90.04, -90.10, -89.88, -90.03, -89.82, -89.88, -89.99, -90.01, -90.15, -89.98, -89.68, -89.87, -89.98, -90.00, 1.0, 3.0, 42.9
-89.75, -90.02, -78.59, -89.41, -90.10, -90.07, -89.92, -89.90, -89.88, -89.99, -89.99, -90.09, -89.99, -89.65, -89.98, -90.03, -90.03, 1.0, 3.0, 43.9
-89.83, -90.06, -90.00, -90.00, -89.98, -89.88, -89.99, -89.86, -89.81, -90.00, -89.88, -90.10, -89.98, -89.03, -89.92, -89.88, -90.02, 1.0, 3.0, 49.1
-89.79, -90.04, -85.47, -90.00, -90.00, -89.85, -90.01, -89.80, -89.78, -90.01, -89.90, -90.11, -89.97, -89.05, -89.85, -89.84, -90.01, 1.0, 3.0, 49.1
-89.69, -89.51, -89.95, -90.01, -89.88, -89.17, -89.10, -89.65, -85.95, -90.02, -89.73, -90.10, -89.98, -88.48, -89.86, -89.73, -90.01, 3.0, 2.0, 41.9
-89.36, -87.33, -80.97, -89.60, -89.60, -86.27, -86.01, -88.36, -79.37, -90.00, -89.47, -90.08, -89.96, -89.55, -89.29, -88.78, -89.78, 3.0, 2.0, 45.0
-89.86, -90.06, -89.98, -90.03, -90.01, -90.00, -90.02, -89.91, -89.89, -90.00, -89.93, -90.14, -89.96, -89.24, -89.94, -90.00, -90.04, 3.0, 2.0, 35.7
-89.71, -89.75, -89.96, -90.00, -89.83, -89.57, -89.46, -89.75, -87.45, -90.00, -89.71, -90.12, -89.98, -88.28, -89.93, -89.83, -90.00, 3.0, 2.0, 37.7
-89.76, -90.03, -80.20, -89.63, -90.02, -89.95, -89.90, -89.87, -89.91, -89.99, -89.91, -90.10, -89.99, -89.22, -89.92, -89.95, -90.01, 3.0, 2.0, 46.0
-89.58, -88.46, -85.87, -89.90, -89.81, -87.80, -87.63, -89.09, -82.11, -90.00, -89.68, -90.11, -89.98, -89.17, -89.59, -89.35, -89.91, 3.0, 2.0, 46.0
-89.28, -88.09, -76.27, -88.97, -89.85, -87.65, -86.99, -88.95, -81.37, -89.99, -89.68, -90.09, -89.99, -89.73, -89.59, -89.29, -89.88, 6.0, 1.0, 54.2
-89.56, -88.70, -81.02, -89.66, -89.95, -88.25, -88.04, -89.24, -83.02, -89.99, -89.81, -90.13, -89.99, -89.85, -89.68, -89.52, -89.94, 6.0, 1.0, 46.0
-89.84, -90.05, -80.18, -89.58, -90.14, -89.98, -89.96, -89.91, -90.08, -90.00, -90.03, -90.13, -89.97, -90.02, -89.91, -90.04, -90.00, 6.0, 1.0, 46.0
-89.80, -90.05, -82.50, -89.81, -90.02, -90.05, -89.96, -89.94, -89.92, -90.01, -89.92, -90.09, -89.98, -89.23, -89.97, -90.01, -90.03, 6.0, 1.0, 52.2
-89.57, -88.92, -78.53, -89.43, -90.02, -88.61, -88.31, -89.42, -83.84, -90.00, -89.84, -90.09, -89.97, -89.88, -89.77, -89.73, -89.95, 6.0, 1.0, 51.1
-89.14, -87.19, -89.89, -89.94, -89.55, -86.48, -86.01, -88.48, -79.32, -89.98, -89.26, -90.11, -89.99, -88.26, -89.40, -88.76, -89.81, 6.0, 1.0, 57.3
-88.87, -87.15, -84.11, -89.82, -89.20, -86.05, -85.87, -88.16, -79.23, -90.00, -88.91, -90.11, -89.98, -86.32, -89.14, -88.37, -89.74, 6.0, 1.0, 52.2
-89.07, -86.62, -89.96, -89.93, -89.57, -85.74, -85.30, -88.21, -78.34, -89.99, -89.31, -90.10, -89.97, -89.23, -89.22, -88.60, -89.75, 6.0, 1.0, 42.9
-89.41, -88.12, -81.79, -89.70, -89.82, -87.34, -87.18, -88.84, -81.27, -90.00, -89.64, -90.10, -89.97, -89.37, -89.45, -89.14, -89.85, 6.0, 1.0, 51.1
-89.34, -89.29, -89.94, -89.92, -89.21, -87.26, -86.92, -88.70, -81.15, -89.99, -89.05, -90.13, -89.99, -86.35, -89.51, -88.88, -89.89, 8.0, 0.0, 51.1
-89.79, -90.04, -80.21, -89.55, -90.06, -89.88, -89.96, -89.84, -89.97, -90.00, -89.99, -90.11, -89.98, -89.57, -89.87, -89.92, -90.00, 8.0, 0.0, 42.9
-89.72, -89.61, -89.97, -90.00, -89.84, -89.21, -89.20, -89.66, -86.53, -90.03, -89.76, -90.09, -89.99, -88.44, -89.81, -89.66, -89.97, 8.0, 0.0, 46.0
-89.82, -90.03, -85.91, -90.00, -89.97, -90.04, -89.95, -89.98, -89.87, -90.00, -89.92, -90.11, -89.98, -89.04, -89.97, -89.97, -90.04, 8.0, 0.0, 36.7
-89.49, -89.55, -77.08, -89.16, -89.76, -89.24, -89.00, -89.62, -86.40, -90.01, -89.61, -90.09, -89.97, -87.81, -89.84, -89.65, -89.97, 8.0, 0.0, 39.8
-89.77, -89.75, -89.99, -90.00, -89.92, -89.38, -89.50, -89.66, -87.53, -90.00, -89.82, -90.11, -89.99, -88.76, -89.80, -89.74, -89.99, 8.0, 0.0, 42.9
-89.70, -88.98, -89.96, -89.99, -89.97, -88.33, -88.38, -89.29, -83.74, -90.02, -89.75, -90.09, -89.98, -89.25, -89.65, -89.46, -89.91, 8.0, 0.0, 51.1
-89.58, -89.48, -77.10, -89.12, -89.95, -89.06, -88.94, -89.52, -85.99, -89.99, -89.78, -90.10, -89.99, -88.98, -89.77, -89.64, -89.95, 8.0, 0.0, 47.0
-89.38, -88.42, -89.90, -89.98, -89.49, -87.75, -87.50, -89.05, -81.95, -90.02, -89.36, -90.11, -89.98, -87.24, -89.59, -89.12, -89.93, 9.0, 2.0, 36.7
-89.88, -90.06, -84.80, -89.99, -90.13, -90.05, -90.04, -89.95, -90.03, -90.00, -90.03, -90.09, -89.97, -90.01, -89.96, -90.09, -90.03, 9.0, 2.0, 39.8
-89.01, -86.74, -89.89, -89.94, -89.24, -85.68, -85.19, -88.10, -78.27, -89.99, -88.84, -90.10, -90.00, -86.55, -89.28, -88.34, -89.76, 9.0, 2.0, 69.7
-89.46, -88.71, -85.41, -89.87, -89.65, -87.93, -87.94, -89.05, -82.77, -90.00, -89.48, -90.14, -89.99, -87.72, -89.52, -89.19, -89.89, 9.0, 2.0, 38.8
-89.70, -90.03, -81.67, -89.79, -89.92, -90.01, -89.90, -89.92, -89.72, -90.01, -89.80, -90.14, -89.98, -88.48, -89.97, -89.93, -90.03, 9.0, 2.0, 43.9
-89.48, -89.44, -89.91, -90.01, -89.57, -89.11, -88.94, -89.60, -85.65, -90.00, -89.40, -90.11, -89.98, -86.69, -89.87, -89.54, -90.00, 9.0, 2.0, 59.4
-89.46, -89.55, -89.96, -90.06, -89.49, -89.22, -89.03, -89.63, -86.15, -89.99, -89.34, -90.13, -89.97, -86.30, -89.87, -89.50, -90.00, 9.0, 2.0, 58.3
-89.90, -90.06, -89.92, -89.99, -90.10, -89.41, -90.03, -89.58, -89.90, -90.00, -89.99, -90.15, -89.98, -89.73, -89.67, -89.73, -89.94, 9.0, 2.0, 53.2
-89.39, -87.75, -83.21, -89.79, -89.57, -87.09, -86.59, -88.78, -80.37, -90.03, -89.43, -90.10, -89.99, -88.72, -89.54, -89.06, -89.86, 9.0, 2.0, 46.0
-89.33, -86.78, -82.41, -89.78, -89.46, -85.37, -84.52, -87.98, -77.51, -89.98, -89.24, -90.13, -90.00, -89.17, -89.18, -88.34, -89.68, 8.0, 3.0, 38.8
-89.88, -90.05, -90.00, -90.03, -90.09, -89.84, -90.03, -89.85, -89.95, -90.02, -89.99, -90.10, -89.99, -89.75, -89.88, -89.92, -90.01, 8.0, 3.0, 51.1
-89.75, -89.74, -83.22, -89.86, -89.95, -89.65, -89.43, -89.83, -87.52, -90.01, -89.86, -90.15, -89.99, -89.18, -89.92, -89.88, -89.99, 8.0, 3.0, 53.2
-89.04, -86.71, -89.96, -89.93, -89.28, -85.84, -84.89, -88.07, -78.33, -90.00, -89.07, -90.14, -89.98, -87.60, -89.31, -88.44, -89.76, 8.0, 3.0, 66.6
-89.69, -89.75, -82.49, -89.82, -89.86, -89.47, -89.40, -89.74, -87.43, -90.01, -89.77, -90.14, -89.99, -88.49, -89.87, -89.73, -90.01, 8.0, 3.0, 46.0
-89.45, -90.00, -84.73, -89.87, -89.48, -89.32, -89.72, -89.53, -89.18, -90.00, -89.34, -90.10, -89.98, -86.41, -89.69, -89.40, -89.99, 8.0, 3.0, 52.2
-89.72, -89.18, -80.90, -89.70, -89.96, -88.56, -88.64, -89.36, -84.57, -90.01, -89.89, -90.14, -89.98, -89.90, -89.62, -89.54, -89.94, 8.0, 3.0, 53.2
-89.21, -86.82, -81.74, -89.70, -89.46, -85.51, -85.22, -88.04, -78.24, -90.00, -89.38, -90.11, -89.97, -89.05, -89.14, -88.38, -89.75, 8.0, 3.0, 51.1
-89.68, -89.30, -89.94, -90.02, -89.84, -88.72, -88.89, -89.35, -85.14, -90.00, -89.70, -90.09, -89.97, -88.51, -89.63, -89.47, -89.94, 6.0, 4.0, 47.0
-89.64, -89.99, -75.98, -88.93, -90.11, -90.00, -89.81, -89.85, -89.98, -90.00, -89.99, -90.10, -90.00, -89.97, -89.92, -90.00, -90.00, 6.0, 4.0, 37.7
-89.84, -89.46, -89.93, -90.00, -90.02, -89.03, -89.16, -89.46, -86.00, -90.00, -89.95, -90.10, -89.99, -89.94, -89.69, -89.69, -89.97, 6.0, 4.0, 46.0
-89.88, -89.75, -89.92, -90.00, -90.04, -89.62, -89.59, -89.80, -87.60, -90.01, -90.00, -90.11, -89.98, -90.00, -89.90, -89.93, -90.01, 6.0, 4.0, 32.6
-89.54, -89.20, -80.09, -89.59, -89.73, -88.71, -88.62, -89.37, -84.46, -90.01, -89.62, -90.15, -89.99, -88.19, -89.74, -89.48, -89.97, 6.0, 4.0, 45.0
-89.17, -87.74, -89.99, -89.92, -89.25, -87.06, -86.73, -88.67, -80.14, -90.00, -89.07, -90.10, -89.98, -86.38, -89.54, -88.75, -89.85, 6.0, 4.0, 54.2
-89.72, -90.06, -79.34, -89.56, -89.99, -90.02, -89.90, -89.89, -89.80, -90.00, -89.88, -90.11, -89.99, -89.04, -89.97, -89.98, -90.01, 6.0, 4.0, 58.3
-89.63, -88.75, -89.95, -89.99, -89.82, -88.29, -88.15, -89.28, -82.80, -90.01, -89.65, -90.09, -89.99, -88.72, -89.70, -89.41, -89.94, 6.0, 4.0, 36.7
-89.67, -89.17, -84.68, -89.94, -89.85, -88.71, -88.61, -89.48, -84.48, -90.00, -89.71, -90.10, -89.97, -88.70, -89.83, -89.61, -89.98, 4.0, 5.0, 33.6
-89.85, -90.03, -81.67, -89.73, -90.07, -89.67, -89.95, -89.73, -90.00, -90.00, -90.02, -90.11, -89.98, -89.98, -89.76, -89.91, -90.00, 4.0, 5.0, 48.0
-89.81, -89.77, -81.71, -89.78, -90.06, -89.20, -89.48, -89.56, -87.64, -90.02, -89.98, -90.13, -89.98, -89.97, -89.70, -89.74, -89.97, 4.0, 5.0, 45.0
-89.67, -89.50, -78.40, -89.37, -90.00, -89.07, -88.98, -89.57, -85.95, -90.00, -89.87, -90.10, -89.98, -89.58, -89.80, -89.73, -89.97, 4.0, 5.0, 41.9
-89.79, -90.03, -85.78, -89.96, -89.94, -89.90, -89.93, -89.82, -89.78, -90.00, -89.85, -90.13, -89.97, -88.82, -89.93, -89.85, -90.02, 4.0, 5.0, 52.2
-89.78, -89.77, -79.40, -89.57, -90.06, -89.62, -89.44, -89.80, -87.59, -90.00, -89.98, -90.10, -89.99, -89.97, -89.95, -89.98, -90.00, 4.0, 5.0, 45.0
-89.59, -89.34, -76.11, -89.04, -90.01, -88.97, -88.70, -89.61, -85.28, -90.01, -89.88, -90.10, -89.99, -89.87, -89.82, -89.79, -89.97, 4.0, 5.0, 35.7
-89.74, -88.95, -84.67, -89.95, -90.05, -88.41, -88.41, -89.40, -83.71, -90.01, -89.86, -90.09, -89.98, -89.98, -89.75, -89.58, -89.99, 1.0, 4.0, 41.9
-89.67, -88.93, -80.06, -89.64, -89.98, -88.59, -88.31, -89.46, -83.64, -89.99, -89.85, -90.09, -89.98, -89.67, -89.79, -89.63, -89.95, 1.0, 4.0, 41.9
-89.74, -88.97, -89.96, -89.98, -89.96, -88.28, -88.38, -89.28, -83.74, -90.00, -89.86, -90.11, -90.00, -89.87, -89.58, -89.49, -89.94, 1.0, 4.0, 41.9
-89.51, -88.16, -85.76, -89.88, -89.78, -87.22, -87.18, -88.86, -81.18, -90.00, -89.60, -90.10, -89.99, -89.18, -89.43, -89.10, -89.86, 1.0, 4.0, 45.0
-89.08, -86.19, -83.14, -89.75, -89.42, -84.88, -84.67, -87.81, -77.50, -90.00, -89.17, -90.10, -89.98, -89.36, -88.94, -88.24, -89.65, 1.0, 4.0, 46.0
-88.98, -87.16, -78.43, -89.30, -89.29, -85.90, -85.83, -88.27, -79.19, -89.99, -89.02, -90.11, -89.98, -86.60, -89.12, -88.43, -89.77, 1.0, 4.0, 48.0
-89.76, -90.04, -78.30, -89.44, -90.09, -90.08, -89.91, -89.91, -89.89, -90.02, -89.99, -90.10, -89.98, -89.72, -89.96, -90.03, -90.01, 1.0, 4.0, 47.0
-89.33, -90.02, -77.65, -89.25, -89.62, -89.20, -89.59, -89.50, -88.95, -89.99, -89.37, -90.11, -89.98, -86.36, -89.64, -89.35, -89.97, 1.0, 4.0, 52.2
-89.89, -90.06, -83.25, -89.91, -90.09, -89.81, -90.01, -89.81, -89.96, -90.00, -90.02, -90.10, -89.99, -90.00, -89.87, -89.95, -90.01, 1.0, 4.0, 49.1
-89.67, -89.47, -78.41, -89.41, -90.02, -88.99, -89.01, -89.58, -85.83, -89.99, -89.85, -90.10, -89.98, -89.38, -89.75, -89.72, -89.97, 0.0, 7.0, 40.8
-89.58, -88.15, -89.99, -89.95, -89.86, -87.29, -87.19, -88.94, -81.10, -90.02, -89.57, -90.11, -89.99, -89.69, -89.49, -89.21, -89.90, 0.0, 7.0, 47.0
-89.66, -88.95, -80.87, -89.65, -90.00, -88.44, -88.30, -89.39, -83.63, -90.01, -89.76, -90.07, -90.00, -89.32, -89.74, -89.53, -89.93, 0.0, 7.0, 40.8
-89.68, -88.73, -84.68, -89.89, -89.95, -88.01, -87.97, -89.22, -82.74, -90.00, -89.72, -90.10, -89.98, -89.81, -89.59, -89.38, -89.92, 0.0, 7.0, 61.4
-88.96, -86.28, -82.39, -89.62, -89.40, -84.92, -84.49, -87.86, -77.39, -89.98, -88.76, -90.10, -89.99, -86.89, -89.06, -88.19, -89.68, 0.0, 7.0, 58.3
-89.40, -89.44, -76.13, -88.96, -89.90, -89.02, -88.87, -89.54, -85.68, -90.01, -89.62, -90.10, -89.98, -87.31, -89.76, -89.56, -89.97, 0.0, 7.0, 40.8
-89.27, -87.70, -78.49, -89.30, -89.73, -86.93, -86.64, -88.71, -80.15, -90.00, -89.21, -90.10, -89.97, -87.94, -89.51, -88.94, -89.82, 0.0, 7.0, 48.0
-89.47, -90.04, -85.79, -89.88, -89.84, -89.81, -89.76, -89.77, -89.09, -90.01, -89.46, -90.11, -89.99, -85.59, -89.94, -89.56, -90.01, 0.0, 7.0, 61.4
-89.55, -90.00, -80.11, -89.54, -89.91, -89.66, -89.81, -89.71, -89.39, -90.01, -89.63, -90.10, -89.96, -86.75, -89.82, -89.65, -89.99, 0.0, 7.0, 48.0
-89.54, -88.36, -80.04, -89.53, -89.86, -87.59, -87.64, -89.02, -81.88, -89.99, -89.63, -90.12, -89.99, -89.32, -89.45, -89.23, -89.90, 0.0, 7.0, 36.7
-89.40, -87.20, -85.78, -89.90, -88.90, -86.86, -86.64, -88.73, -80.05, -90.01, -89.41, -90.09, -89.99, -88.77, -89.14, -88.54, -89.76, 2.0, 9.0, 49.1
-89.80, -89.49, -82.43, -89.82, -90.09, -89.19, -89.11, -89.65, -85.94, -90.00, -89.93, -90.10, -89.97, -89.94, -89.87, -89.83, -89.96, 2.0, 9.0, 50.1
-89.13, -87.72, -82.44, -89.68, -89.36, -86.74, -86.54, -88.62, -80.08, -90.01, -89.08, -90.10, -89.97, -86.59, -89.42, -88.71, -89.84, 2.0, 9.0, 46.0
-89.45, -88.36, -89.96, -90.00, -89.64, -87.35, -87.53, -88.83, -81.65, -90.00, -89.43, -90.12, -89.99, -87.63, -89.38, -88.91, -89.77, 3.0, 9.0, 58.3
-89.68, -88.68, -83.99, -89.84, -89.98, -88.14, -87.99, -89.26, -82.68, -90.01, -89.77, -90.10, -89.99, -89.83, -89.69, -89.46, -89.92, 3.0, 9.0, 58.3
-89.23, -86.58, -85.36, -89.85, -89.60, -85.60, -85.19, -88.16, -78.05, -90.01, -89.27, -90.11, -89.97, -89.39, -89.26, -88.36, -89.70, 3.0, 9.0, 33.6
-89.68, -90.04, -77.67, -89.27, -90.09, -90.02, -89.85, -89.92, -89.80, -89.99, -89.87, -90.10, -89.98, -88.99, -89.95, -90.00, -90.02, 3.0, 9.0, 58.3
-89.48, -88.38, -89.95, -90.05, -89.78, -87.74, -87.52, -89.09, -81.69, -89.99, -89.37, -90.09, -89.99, -87.71, -89.70, -89.14, -89.91, 3.0, 9.0, 46.0
-89.70, -88.91, -82.41, -89.77, -89.95, -88.28, -88.35, -89.25, -83.61, -90.02, -89.82, -90.09, -89.98, -89.86, -89.59, -89.44, -89.90, 3.0, 9.0, 52.2
-89.81, -89.66, -90.00, -89.98, -90.01, -89.02, -89.41, -89.48, -86.94, -90.01, -89.88, -90.10, -89.99, -89.43, -89.67, -89.64, -89.88, 3.0, 9.0, 50.1
-89.47, -87.67, -81.66, -89.70, -89.76, -86.69, -86.64, -88.65, -80.13, -90.00, -89.58, -90.10, -90.00, -89.66, -89.36, -88.84, -89.71, 3.0, 9.0, 53.2
-89.55, -88.69, -78.45, -89.44, -89.92, -87.94, -87.98, -89.11, -82.67, -89.99, -89.72, -90.10, -90.00, -89.44, -89.52, -89.30, -89.84, 3.0, 9.0, 46.0
-89.56, -88.10, -84.69, -89.92, -89.88, -87.33, -87.24, -88.88, -80.99, -90.02, -89.65, -90.10, -90.00, -89.70, -89.49, -89.09, -89.81, 3.0, 9.0, 51.1
-89.52, -89.44, -82.37, -89.78, -89.53, -88.88, -88.94, -89.45, -85.64, -89.98, -89.52, -90.10, -89.98, -87.36, -89.77, -89.46, -89.92, 5.0, 6.0, 47.0
-89.87, -90.03, -89.98, -90.04, -90.10, -89.80, -90.02, -89.83, -89.84, -90.00, -89.97, -90.13, -89.98, -89.49, -89.87, -89.91, -89.99, 5.0, 6.0, 50.1
-89.80, -90.05, -89.99, -90.01, -90.05, -89.65, -89.99, -89.75, -89.69, -90.02, -89.88, -90.10, -89.99, -88.76, -89.81, -89.81, -89.97, 5.0, 6.0, 52.2
-89.90, -90.05, -89.99, -90.03, -90.12, -89.91, -90.03, -89.88, -89.91, -90.01, -89.99, -90.12, -89.98, -89.66, -89.91, -89.97, -90.01, 5.0, 6.0, 47.0
-89.63, -89.31, -78.48, -89.36, -89.97, -88.90, -88.82, -89.51, -85.10, -90.01, -89.81, -90.12, -89.99, -89.25, -89.80, -89.66, -89.92, 5.0, 6.0, 48.0
-89.68, -89.30, -81.72, -89.73, -89.96, -88.95, -88.84, -89.55, -85.14, -90.00, -89.75, -90.15, -89.99, -88.94, -89.84, -89.75, -89.95, 5.0, 6.0, 46.0
-89.63, -88.94, -84.02, -89.83, -89.85, -88.11, -88.36, -89.15, -83.55, -90.00, -89.67, -90.10, -89.97, -88.88, -89.50, -89.34, -89.83, 5.0, 6.0, 52.2
-89.49, -87.71, -84.68, -89.84, -89.85, -87.01, -86.68, -88.82, -80.14, -90.01, -89.59, -90.08, -89.98, -89.66, -89.59, -89.21, -89.83, 5.0, 6.0, 57.3
-89.53, -88.38, -80.87, -89.63, -89.90, -87.81, -87.63, -89.11, -81.91, -90.00, -89.66, -90.11, -89.97, -89.25, -89.67, -89.38, -89.88, 5.0, 6.0, 42.9
-89.62, -89.66, -76.21, -88.99, -90.06, -88.95, -89.28, -89.45, -87.02, -90.01, -89.94, -90.15, -89.97, -89.94, -89.61, -89.66, -89.86, 5.0, 6.0, 45.0
-89.23, -87.19, -84.75, -89.83, -89.50, -86.39, -85.96, -88.55, -79.03, -90.00, -89.22, -90.13, -89.99, -87.99, -89.41, -88.73, -89.79, 8.0, 8.0, 59.4
-89.55, -89.46, -77.71, -89.27, -89.95, -89.17, -88.99, -89.66, -85.73, -89.99, -89.76, -90.09, -89.99, -88.72, -89.87, -89.71, -89.98, 8.0, 8.0, 54.2
-89.60, -88.70, -79.38, -89.50, -89.99, -88.29, -88.02, -89.35, -82.71, -90.01, -89.72, -90.09, -89.98, -89.81, -89.74, -89.60, -89.92, 8.0, 8.0, 60.4
-89.59, -88.75, -79.37, -89.48, -89.99, -88.17, -88.00, -89.26, -82.76, -89.99, -89.79, -90.11, -90.00, -89.81, -89.66, -89.50, -89.91, 8.0, 8.0, 41.9
-89.08, -86.20, -84.70, -89.82, -89.52, -85.01, -84.72, -87.89, -77.41, -89.98, -89.12, -90.10, -89.98, -88.99, -88.96, -88.25, -89.60, 8.0, 8.0, 25.4
-89.27, -87.21, -78.41, -89.33, -89.72, -86.42, -85.96, -88.56, -79.08, -90.00, -89.43, -90.10, -89.97, -89.51, -89.40, -88.89, -89.78, 8.0, 8.0, 65.5
-89.39, -88.38, -83.23, -89.78, -89.74, -87.74, -87.57, -89.10, -81.81, -90.01, -89.43, -90.10, -89.99, -87.62, -89.59, -89.15, -89.88, 8.0, 8.0, 38.8
-89.45, -89.98, -89.93, -89.97, -89.44, -89.40, -89.77, -89.57, -89.08, -90.01, -89.35, -90.10, -89.98, -86.38, -89.75, -89.46, -89.94, 8.0, 8.0, 58.3
-89.79, -89.12, -89.93, -90.02, -90.05, -88.84, -88.71, -89.53, -84.53, -89.99, -89.84, -90.09, -89.98, -89.92, -89.79, -89.70, -89.95, 8.0, 8.0, 36.7
-89.62, -89.26, -78.38, -89.36, -89.96, -88.84, -88.76, -89.37, -85.03, -90.02, -89.79, -90.11, -89.98, -88.99, -89.73, -89.59, -89.97, 8.0, 8.0, 42.9
-86.33, -88.03, -89.92, -89.89, -87.71, -90.06, -88.99, -89.46, -89.36, -90.00, -89.94, -90.10, -89.98, -89.42, -89.93, -88.39, -90.04, 8.0, 8.0, 50.1
-86.60, -88.16, -89.87, -89.93, -87.28, -90.08, -88.63, -89.10, -89.22, -90.02, -89.93, -90.10, -89.98, -89.24, -89.89, -87.18, -90.00, 8.0, 8.0, 52.2
-86.47, -88.12, -89.90, -89.89, -86.68, -90.06, -88.37, -88.84, -89.00, -90.00, -89.92, -90.08, -89.99, -89.07, -89.87, -86.57, -79.47, 8.0, 8.0, 45.0
-89.69, -89.96, -89.99, -90.00, -90.02, -90.07, -89.61, -89.47, -89.97, -90.01, -90.02, -90.10, -89.99, -89.95, -89.97, -87.99, -83.91, 8.0, 8.0, 46.0
-88.48, -89.16, -90.01, -89.94, -86.80, -90.08, -88.98, -89.58, -89.04, -90.01, -89.99, -90.10, -89.98, -89.19, -89.93, -89.10, -90.00, 8.0, 8.0, 43.9
-84.92, -87.00, -89.90, -89.84, -87.74, -90.02, -89.00, -89.39, -89.26, -90.01, -89.87, -90.14, -89.99, -89.44, -89.92, -88.97, -78.62, 8.0, 8.0, 43.9
-84.41, -86.66, -89.86, -89.76, -84.89, -90.06, -87.75, -88.85, -88.23, -90.01, -89.84, -90.13, -89.99, -88.47, -89.84, -87.14, -84.80, 8.0, 8.0, 28.5
-85.33, -87.46, -89.80, -89.91, -89.80, -90.05, -88.65, -88.54, -89.81, -90.01, -89.92, -90.14, -90.00, -89.84, -89.90, -85.18, -80.34, 8.0, 8.0, 33.6
-89.11, -89.53, -89.98, -89.96, -86.74, -90.05, -88.93, -89.35, -89.16, -90.01, -89.96, -90.10, -89.98, -89.15, -89.90, -88.51, -78.59, 8.0, 8.0, 47.0
-88.73, -89.44, -89.94, -89.96, -89.21, -90.07, -89.65, -89.73, -89.84, -90.01, -90.02, -90.11, -89.99, -89.82, -89.79, -89.19, -90.02, 5.0, 8.0, 48.0
-85.36, -87.39, -89.82, -89.96, -88.83, -90.07, -88.66, -88.81, -89.65, -90.01, -89.91, -90.10, -89.97, -89.65, -88.99, -86.18, -90.01, 5.0, 8.0, 58.3
-89.88, -90.01, -89.91, -89.96, -90.06, -90.04, -90.03, -89.73, -90.01, -89.99, -90.02, -90.08, -89.99, -90.01, -89.63, -89.92, -76.22, 5.0, 8.0, 58.3
-88.80, -89.29, -89.91, -89.96, -85.44, -90.03, -88.66, -89.35, -88.55, -90.01, -89.92, -90.09, -89.98, -88.78, -89.41, -89.85, -74.89, 5.0, 8.0, 55.2
-88.21, -89.00, -89.90, -89.96, -85.32, -90.05, -88.53, -89.38, -88.62, -90.00, -89.96, -90.11, -89.98, -88.81, -89.56, -89.35, -77.86, 5.0, 8.0, 41.9
-86.20, -87.87, -89.94, -89.96, -90.11, -90.08, -89.70, -89.74, -89.92, -90.01, -89.95, -90.08, -89.98, -90.02, -89.75, -89.50, -82.94, 5.0, 8.0, 45.0
-89.33, -89.72, -89.97, -89.96, -87.58, -90.07, -89.18, -89.51, -89.43, -90.02, -90.01, -90.09, -89.98, -89.47, -89.65, -88.69, -83.24, 5.0, 8.0, 39.8
-87.62, -88.75, -89.93, -89.96, -88.37, -90.07, -89.20, -89.37, -89.60, -89.99, -90.00, -90.10, -89.98, -89.65, -89.49, -88.13, -83.98, 5.0, 8.0, 37.7
-86.07, -87.75, -89.82, -89.96, -88.70, -90.05, -89.33, -89.45, -89.60, -90.02, -89.89, -90.08, -89.99, -89.72, -89.48, -88.93, -79.01, 5.0, 8.0, 48.0
-83.81, -86.27, -89.69, -89.96, -85.87, -90.04, -87.20, -87.72, -88.52, -89.99, -89.81, -90.11, -90.00, -88.85, -88.28, -83.88, -80.59, 3.0, 6.0, 39.8
-89.24, -89.86, -89.89, -89.96, -89.87, -90.06, -88.70, -88.59, -89.92, -90.00, -90.02, -90.13, -89.97, -89.87, -88.86, -85.37, -83.14, 3.0, 6.0, 36.7
-89.19, -89.71, -89.90, -89.96, -90.06, -90.07, -90.02, -89.91, -89.99, -90.00, -89.98, -90.12, -89.99, -90.03, -89.87, -90.05, -83.31, 3.0, 6.0, 40.8
-85.91, -87.21, -89.81, -89.93, -90.02, -90.07, -89.48, -89.54, -89.86, -89.99, -89.90, -90.14, -89.99, -90.00, -89.65, -88.68, -85.67, 3.0, 6.0, 31.6
-89.75, -89.99, -89.91, -89.99, -89.31, -90.07, -89.80, -89.69, -89.89, -90.00, -89.99, -90.10, -89.99, -89.93, -89.66, -89.38, -79.37, 3.0, 6.0, 52.2
-84.96, -86.40, -89.78, -89.86, -84.66, -90.07, -88.23, -89.27, -88.51, -90.01, -89.86, -90.09, -89.97, -88.75, -89.63, -88.96, -84.99, 3.0, 6.0, 35.7
-89.32, -89.70, -89.98, -90.01, -86.36, -89.52, -89.32, -89.68, -89.36, -90.02, -89.96, -90.10, -90.00, -89.31, -89.72, -89.97, -79.14, 3.0, 6.0, 48.0
-88.56, -89.13, -89.99, -89.98, -89.34, -89.79, -89.85, -89.86, -89.90, -90.03, -89.98, -90.12, -89.99, -89.93, -89.86, -90.03, -82.61, 3.0, 6.0, 42.9
-87.66, -88.49, -89.94, -89.87, -85.52, -89.75, -88.73, -89.56, -88.97, -89.99, -89.94, -90.11, -89.99, -89.02, -89.85, -89.48, -90.06, 3.0, 6.0, 37.7
-87.86, -88.85, -89.88, -89.93, -87.94, -89.65, -88.39, -88.53, -89.61, -90.00, -89.97, -90.15, -89.99, -89.56, -88.85, -85.37, -80.47, 3.0, 6.0, 52.2
-88.67, -89.29, -89.91, -90.00, -89.94, -89.17, -89.62, -89.38, -89.92, -90.01, -89.97, -90.14, -89.98, -89.99, -89.37, -88.31, -76.38, 3.0, 6.0, 45.0
-86.33, -87.52, -89.92, -89.94, -88.97, -89.72, -89.60, -89.82, -89.71, -89.98, -89.94, -90.10, -89.98, -89.96, -89.92, -90.09, -90.15, 3.0, 6.0, 61.4
-85.98, -87.31, -89.87, -89.87, -86.84, -88.81, -88.90, -89.28, -89.24, -90.00, -89.89, -90.13, -89.98, -89.56, -89.30, -88.51, -75.85, 1.0, 7.0, 45.0
-85.43, -86.96, -89.88, -89.78, -84.20, -89.28, -87.87, -88.90, -88.38, -89.99, -89.88, -90.15, -89.98, -89.40, -89.24, -87.09, -82.60, 1.0, 7.0, 47.0
-88.81, -89.26, -89.96, -89.86, -85.02, -89.16, -88.61, -89.37, -88.69, -90.00, -89.97, -90.13, -89.99, -89.57, -89.51, -89.15, -77.20, 1.0, 7.0, 40.8
-83.83, -86.47, -89.35, -88.41, -73.10, -84.87, -78.13, -82.40, -81.25, -90.00, -89.15, -90.10, -89.98, -80.58, -88.52, -89.42, -88.64, 1.0, 7.0, 46.0
-84.93, -87.19, -89.39, -88.84, -74.82, -85.03, -78.79, -84.62, -82.78, -89.99, -89.48, -90.14, -89.96, -81.64, -88.62, -89.15, -73.61, 1.0, 7.0, 33.6
-87.08, -88.57, -89.78, -89.44, -78.07, -87.59, -82.25, -85.98, -85.15, -89.99, -89.67, -90.09, -89.98, -84.09, -89.63, -89.74, -89.53, 1.0, 7.0, 42.9
-89.85, -90.03, -90.01, -90.02, -90.00, -89.84, -89.92, -89.68, -90.12, -89.99, -89.99, -90.13, -89.98, -90.02, -89.70, -89.16, -80.81, 1.0, 7.0, 46.0
-88.69, -88.87, -89.95, -89.96, -90.01, -89.88, -89.91, -89.90, -90.08, -90.00, -89.97, -90.11, -89.99, -90.06, -89.92, -90.06, -86.27, 1.0, 7.0, 46.0
-89.41, -89.71, -89.97, -90.01, -89.92, -89.75, -89.53, -89.26, -90.08, -90.02, -89.98, -90.11, -89.99, -89.95, -89.38, -87.42, -80.79, 1.0, 7.0, 52.2
-88.11, -88.86, -89.83, -89.93, -86.54, -89.43, -87.38, -87.71, -89.44, -90.00, -89.94, -90.11, -90.00, -88.77, -88.46, -83.44, -85.65, 1.0, 7.0, 39.8
-88.51, -88.95, -89.94, -89.85, -84.37, -89.44, -88.12, -89.07, -89.33, -90.00, -89.93, -90.11, -89.98, -88.12, -89.77, -89.95, -81.56, 1.0, 7.0, 52.2
-89.32, -89.65, -89.95, -90.00, -89.89, -89.59, -89.37, -89.05, -90.01, -90.02, -89.97, -90.11, -89.97, -89.95, -89.18, -86.84, -78.94, 1.0, 7.0, 50.1
-89.21, -89.73, -89.95, -89.91, -85.76, -89.68, -88.22, -88.84, -89.48, -90.00, -89.96, -90.10, -89.98, -88.52, -89.47, -87.43, -84.88, 1.0, 7.0, 45.0
-88.20, -89.09, -89.89, -89.73, -81.05, -89.30, -86.11, -88.66, -88.82, -90.01, -89.85, -90.09, -89.98, -86.54, -89.94, -90.01, -89.87, 1.0, 7.0, 50.1
-87.72, -88.76, -89.86, -89.65, -80.96, -88.90, -86.20, -87.89, -88.21, -89.99, -89.87, -90.09, -89.98, -86.05, -89.70, -89.89, -81.49, 1.0, 7.0, 51.1
-88.72, -89.41, -89.91, -89.75, -82.68, -89.26, -87.04, -88.48, -88.59, -90.00, -89.91, -90.11, -89.97, -87.01, -89.70, -89.93, -80.79, 1.0, 7.0, 53.2
-87.71, -88.97, -89.84, -89.60, -79.18, -88.24, -83.66, -86.67, -86.28, -89.98, -89.74, -90.10, -89.99, -85.88, -89.52, -88.74, -85.45, 1.0, 7.0, 37.7
-87.28, -87.52, -89.82, -89.87, -90.00, -89.34, -89.73, -89.63, -89.92, -90.00, -89.93, -90.10, -90.00, -90.03, -89.62, -89.93, -79.00, 1.0, 7.0, 56.3
-87.88, -88.58, -89.84, -89.89, -86.58, -89.22, -87.39, -87.84, -89.14, -90.02, -89.89, -90.10, -89.98, -88.84, -88.48, -83.90, -79.88, 2.0, 5.0, 52.2
-87.73, -88.71, -89.84, -89.84, -83.18, -88.93, -85.65, -87.30, -87.90, -89.99, -89.93, -90.11, -89.98, -87.54, -88.49, -84.00, -82.29, 2.0, 5.0, 47.0
-89.68, -89.95, -90.01, -90.00, -87.78, -89.82, -89.16, -89.59, -89.58, -89.99, -89.99, -90.14, -90.00, -89.46, -89.87, -90.02, -83.27, 2.0, 5.0, 48.0
-88.93, -89.37, -89.94, -89.99, -89.90, -89.88, -89.02, -88.85, -90.07, -90.00, -89.98, -90.09, -89.99, -89.85, -89.13, -85.65, -90.04, 2.0, 5.0, 58.3
-89.54, -89.64, -90.00, -89.99, -90.00, -90.01, -90.01, -89.92, -90.12, -90.00, -90.00, -90.11, -89.99, -90.05, -89.93, -90.03, -86.28, 2.0, 5.0, 42.9
-87.35, -87.79, -89.82, -89.86, -87.67, -89.38, -88.73, -89.20, -89.52, -90.00, -89.89, -90.10, -89.98, -89.40, -89.49, -88.15, -82.30, 2.0, 5.0, 49.1
-89.03, -89.28, -89.96, -89.94, -87.51, -89.87, -89.04, -89.62, -89.58, -90.01, -89.97, -90.12, -89.99, -89.53, -89.95, -90.06, -90.02, 2.0, 5.0, 59.4
-88.42, -89.09, -89.93, -89.83, -83.94, -89.10, -86.53, -88.39, -88.30, -90.00, -89.94, -90.09, -89.98, -88.43, -89.54, -89.28, -80.67, 2.0, 5.0, 45.0
-88.65, -89.61, -89.93, -89.84, -82.91, -89.25, -86.05, -88.14, -88.20, -90.00, -89.87, -90.10, -89.98, -87.88, -89.37, -87.32, -84.06, 2.0, 5.0, 43.9
-86.36, -87.15, -89.73, -89.69, -82.81, -88.77, -85.88, -87.63, -87.97, -90.00, -89.85, -90.10, -90.00, -87.54, -88.95, -85.63, -84.84, 2.0, 5.0, 40.8
-87.51, -87.84, -89.83, -89.91, -90.00, -89.66, -89.38, -89.43, -90.00, -90.00, -89.93, -90.12, -89.97, -89.95, -89.53, -87.95, -85.67, 2.0, 5.0, 41.9
-88.45, -88.74, -89.92, -89.93, -87.03, -89.67, -88.73, -89.39, -89.48, -90.01, -89.97, -90.09, -89.97, -89.35, -89.89, -89.30, -85.64, 2.0, 5.0, 42.9
-87.78891, -88.06987, -89.86440, -89.83841, -87.19179, -89.40082, -88.86836, -89.33350, -89.46682, -90.00949, -89.91364, -90.09920, -89.97414, -89.26022, -89.67555, -89.93060, -79.88224, 5.0, 4.0, 61.4
-89.55189, -89.72271, -89.96844, -89.98986, -89.99079, -89.89349, -89.78522, -89.62308, -90.10114, -89.99076, -89.97298, -90.11220, -89.96372, -90.00093, -89.67034, -88.71603, -82.30909, 5.0, 4.0, 45.0
-89.37482, -89.53689, -89.99316, -89.98478, -89.96053, -89.61760, -89.71128, -89.45342, -90.02131, -89.99347, -89.97137, -90.10160, -89.97850, -89.98494, -89.48434, -88.37976, -78.87939, 5.0, 4.0, 46.0
-87.98214, -88.29471, -89.86707, -89.87087, -86.74463, -89.73103, -89.05597, -89.42072, -89.67404, -90.01093, -90.00437, -90.10221, -89.98003, -89.20676, -89.74803, -89.17662, -84.84170, 5.0, 4.0, 39.8
-89.08632, -89.51272, -89.93374, -89.94258, -87.43658, -89.45403, -88.89801, -88.62056, -89.54445, -89.98845, -89.95428, -90.14128, -89.97231, -89.36400, -88.86310, -85.59622, -78.01094, 5.0, 4.0, 52.2
-89.70585, -89.98347, -90.01572, -89.97461, -87.68097, -89.98194, -89.57948, -89.65738, -89.92694, -89.98734, -89.99339, -90.10307, -89.99438, -89.50942, -89.89511, -90.07063, -85.62754, 5.0, 4.0, 58.3
-87.94869, -88.29137, -89.84093, -89.92045, -89.84962, -89.70581, -88.96826, -88.89018, -89.93473, -90.00340, -89.95418, -90.10969, -89.98838, -89.83415, -89.08197, -85.67828, -85.62161, 5.0, 4.0, 49.1
-89.11482, -89.45560, -89.95686, -89.88660, -85.48638, -89.42559, -88.94463, -89.12539, -89.51714, -89.99338, -89.93404, -90.10582, -89.98996, -88.87953, -89.58880, -89.86093, -77.99866, 5.0, 4.0, 55.2
-89.23677, -89.55221, -89.96294, -89.94733, -87.37804, -89.77405, -88.92984, -89.27331, -89.80411, -89.99672, -89.97742, -90.10065, -89.99341, -89.23845, -89.59611, -88.14565, -83.26830, 5.0, 4.0, 46.0
-89.59536, -89.89613, -89.98767, -90.00667, -89.88842, -89.61226, -89.26718, -88.98180, -89.96701, -90.00983, -89.99090, -90.09719, -89.98102, -89.86604, -89.06811, -86.22097, -78.90113, 5.0, 4.0, 64.5
-86.94756, -87.60627, -89.77124, -89.80952, -85.56240, -89.17625, -87.40421, -88.03283, -88.87518, -89.98534, -89.92640, -90.12124, -89.97671, -88.73946, -88.84243, -84.78438, -89.95297, 5.0, 4.0, 64.5
-89.08788, -89.64878, -89.95656, -89.90783, -84.10081, -89.44879, -87.19663, -88.59469, -88.64281, -90.00886, -89.92886, -90.14236, -89.98432, -88.15841, -89.72424, -88.77406, -89.93423, 9.0, 4.0, 67.6
-88.62110, -88.88405, -89.93156, -89.96130, -90.02684, -89.92238, -89.71716, -89.69650, -90.04656, -90.00510, -89.98494, -90.13000, -89.98442, -89.99945, -89.75661, -88.76614, -90.04814, 9.0, 4.0, 52.2
-88.41720, -89.27426, -89.89271, -89.70937, -81.36386, -88.69926, -85.33115, -87.47680, -87.53947, -90.00388, -89.84465, -90.09618, -89.97846, -86.60595, -89.41936, -88.35681, -79.45158, 9.0, 4.0, 58.3
-86.78574, -87.49525, -89.76532, -89.80936, -86.77741, -89.26288, -87.87363, -88.64055, -89.23095, -90.00417, -89.90102, -90.12837, -89.97915, -89.19447, -89.32251, -86.83196, -89.99090, 9.0, 4.0, 57.3
-88.00670, -88.37860, -89.88441, -89.90069, -87.94559, -89.70488, -88.99966, -89.43437, -89.65923, -90.00572, -89.95904, -90.09261, -89.99325, -89.51771, -89.78692, -89.01173, -90.03672, 9.0, 4.0, 59.4
-89.14680, -89.42280, -89.96321, -89.98166, -88.13966, -89.81947, -89.06009, -89.40700, -89.64867, -89.99687, -89.99366, -90.13767, -89.99801, -89.60044, -89.77479, -89.36038, -84.57529, 9.0, 4.0, 48.0
-88.83863, -89.32405, -89.93578, -89.94048, -87.49092, -89.67408, -88.55640, -88.87069, -89.79082, -89.99170, -89.96818, -90.13040, -89.98781, -89.32937, -89.19723, -86.29212, -82.01565, 9.0, 4.0, 49.1
-86.81114, -87.89884, -89.80785, -89.52231, -79.93060, -89.00317, -85.09158, -87.95265, -88.02486, -90.00515, -89.84157, -90.12847, -90.00222, -85.94097, -89.77702, -89.98321, -89.82617, 9.0, 4.0, 54.2
-86.89330, -87.93090, -89.81047, -89.56523, -80.50379, -88.73990, -85.53913, -87.90127, -88.22509, -89.99925, -89.79079, -90.10084, -89.98143, -86.55185, -89.31054, -88.79379, -77.67869, 9.0, 4.0, 54.2
-87.89249, -88.23897, -89.88598, -89.92592, -89.99840, -89.63288, -89.79154, -89.78908, -89.96588, -90.01209, -89.97171, -90.09741, -89.97901, -90.03802, -89.77375, -89.99240, -81.15644, 9.0, 4.0, 55.2
-83.64127, -86.63842, -89.38550, -88.07244, -73.12777, -86.23910, -79.14793, -83.31197, -83.73824, -89.99196, -89.11555, -90.09440, -89.96773, -80.15883, -88.44605, -86.50164, -78.47817, 9.0, 4.0, 42.9
-87.09645, -88.22225, -89.82310, -89.55523, -80.15398, -88.97166, -87.91770, -86.82592, -86.53724, -90.00377, -89.76234, -90.10210, -89.98844, -86.15252, -89.60949, -89.09850, -89.64105, 8.0, 2.0, 37.7
-87.32421, -88.31924, -89.83868, -89.65109, -81.01522, -88.41752, -84.73943, -87.05916, -87.08538, -90.00984, -89.79340, -90.09612, -89.97835, -86.70571, -89.12294, -86.70609, -80.29050, 8.0, 2.0, 43.9
-89.83341, -90.01838, -90.02723, -90.00181, -90.01020, -89.94755, -89.86569, -89.71402, -90.09844, -90.01119, -90.00025, -90.10610, -89.99721, -90.00612, -89.74554, -88.95871, -82.90554, 8.0, 2.0, 49.1
-89.51280, -89.73728, -90.01101, -89.98947, -90.02461, -90.05165, -89.82609, -89.72691, -90.10127, -89.98517, -90.01216, -90.13749, -89.96972, -90.01425, -89.78616, -88.79311, -90.03899, 8.0, 2.0, 38.8
-82.06324, -85.86670, -89.45746, -87.11821, -72.39030, -85.16503, -78.20204, -84.87697, -83.53927, -89.99675, -89.29296, -90.11213, -89.97294, -80.16116, -89.44729, -89.14172, -82.62832, 8.0, 2.0, 42.9
-89.41557, -89.66693, -90.00911, -89.99954, -89.99258, -90.00532, -89.74124, -89.67315, -90.09771, -90.00923, -90.01066, -90.09524, -89.98625, -89.98510, -89.74579, -88.50885, -90.06586, 8.0, 2.0, 39.8
-87.25918, -88.42900, -89.83751, -89.49412, -79.95960, -88.23544, -84.15002, -86.87733, -86.63028, -89.98087, -89.76371, -90.10754, -89.97337, -85.93152, -89.44555, -88.39556, -82.78500, 8.0, 2.0, 42.9
-89.62736, -89.96544, -90.00288, -90.02451, -89.92760, -89.95282, -89.40174, -89.28692, -90.10105, -89.99820, -89.98251, -90.09878, -89.98222, -89.89748, -89.39612, -86.81709, -85.98083, 8.0, 2.0, 52.2
-84.49956, -86.86552, -89.62636, -88.48391, -74.72868, -85.39246, -79.16155, -83.07747, -82.18249, -89.98896, -89.24738, -90.10249, -89.96499, -81.44392, -88.65358, -86.58028, -80.97376, 8.0, 2.0, 39.8
-86.22620, -85.73471, -89.74902, -89.60122, -85.31114, -89.41310, -87.81193, -88.85501, -88.54049, -89.99676, -89.79396, -90.13528, -89.99804, -88.62962, -89.72575, -89.99415, -82.98845, 6.0, 2.0, 51.1
-86.85682, -87.92713, -89.80089, -89.38074, -78.39126, -88.03674, -82.39105, -85.43817, -84.55101, -89.98732, -89.37362, -90.09409, -89.98607, -84.31665, -88.84001, -85.64180, -89.50465, 6.0, 2.0, 60.4
-88.14148, -87.81741, -89.91085, -89.75482, -84.60904, -89.41860, -87.43980, -88.71941, -88.34703, -89.98692, -89.84040, -90.14310, -89.98691, -88.32445, -89.71734, -89.16038, -86.04022, 6.0, 2.0, 41.9
-87.98255, -88.48205, -89.90770, -89.50031, -80.28110, -88.97529, -83.86215, -87.03385, -85.41248, -90.00408, -89.39529, -90.14467, -89.98704, -86.14725, -89.17755, -86.82788, -85.37848, 6.0, 2.0, 53.2
-88.44210, -88.94043, -89.92520, -89.68692, -81.99611, -89.24029, -85.21766, -87.73635, -86.61181, -89.98248, -89.56268, -90.10258, -89.97210, -87.19565, -89.18814, -86.29338, -89.84206, 6.0, 2.0, 54.2
-86.77491, -87.06893, -89.81307, -89.15393, -78.25798, -88.28511, -82.00757, -85.94233, -83.57526, -89.98739, -88.94063, -90.09217, -89.97284, -84.50607, -88.78577, -86.21490, -81.12992, 6.0, 2.0, 42.9
-86.71769, -86.35597, -89.77826, -89.27919, -78.50744, -88.02152, -82.58738, -85.97840, -84.65772, -89.98710, -89.69587, -90.12042, -89.99020, -84.38929, -89.49715, -89.91055, -89.52586, 6.0, 2.0, 48.0
-86.02757, -85.70602, -89.69852, -89.14023, -77.80680, -87.50760, -81.86733, -85.17058, -84.12977, -89.98577, -89.59287, -90.13402, -89.96557, -83.65593, -88.79164, -86.76588, -79.44404, 6.0, 2.0, 49.1
-85.90928, -85.36588, -89.71002, -89.34425, -79.43947, -88.15969, -83.19739, -86.06281, -85.56589, -89.98943, -89.67480, -90.14239, -89.98399, -85.08712, -88.71530, -84.94130, -89.60651, 6.0, 2.0, 51.1
-84.64554, -83.24130, -89.59131, -89.16092, -79.43892, -88.10651, -83.33538, -86.34290, -85.37379, -89.97898, -89.65851, -90.10537, -89.98003, -85.45609, -89.19844, -87.76765, -85.07880, 6.0, 2.0, 51.1
-87.37450, -87.94936, -89.82289, -89.38898, -78.53264, -88.08425, -82.60046, -86.06952, -84.90065, -89.98739, -89.79105, -90.08805, -89.97697, -84.76433, -89.45252, -89.89098, -83.61147, 6.0, 2.0, 57.3
-88.30325, -87.77658, -89.88072, -89.75629, -82.82402, -89.04554, -86.33810, -87.96487, -87.67290, -89.99458, -89.78483, -90.10111, -89.99611, -87.88531, -89.49760, -89.84566, -78.43228, 3.0, 2.0, 63.5
-86.75555, -87.39862, -89.73135, -89.23157, -78.70430, -88.44696, -83.66658, -85.40421, -83.64010, -89.98492, -88.90325, -90.11530, -89.99013, -84.93818, -88.17809, -83.12962, -81.77475, 3.0, 2.0, 59.4
-87.67664, -86.57838, -89.80855, -89.79925, -89.95159, -89.65533, -88.99169, -89.11967, -89.84620, -89.99546, -89.91964, -90.09210, -89.99409, -89.88040, -89.27101, -86.38902, -90.03292, 3.0, 2.0, 61.4
-85.59080, -83.89198, -89.71409, -89.31095, -81.38442, -88.38318, -84.72132, -87.20398, -86.42327, -90.00281, -89.74484, -90.08074, -89.98551, -86.86115, -89.27115, -88.14727, -82.78378, 3.0, 2.0, 51.1
-85.94104, -84.19751, -89.65151, -89.56043, -89.86777, -89.02895, -88.29166, -88.48186, -89.54835, -90.00293, -89.79870, -90.11649, -89.97960, -89.77734, -88.69095, -85.00542, -78.50830, 3.0, 2.0, 60.4
-87.50620, -86.32279, -89.84208, -89.69442, -85.31200, -89.38488, -87.59817, -88.88121, -88.56533, -89.99275, -89.86490, -90.10342, -89.98325, -88.81162, -89.68389, -89.03645, -89.98589, 3.0, 2.0, 48.0
-89.43729, -89.69380, -89.96382, -89.88294, -85.38600, -89.69856, -87.84304, -89.00846, -88.76654, -89.98770, -89.97390, -90.09597, -89.98355, -88.77912, -89.73711, -89.03176, -85.89210, 3.0, 2.0, 48.0
-84.88888, -83.07630, -89.49390, -89.23673, -82.06932, -88.26486, -85.01023, -86.98468, -86.76952, -89.98185, -89.54388, -90.12258, -89.97102, -87.32893, -88.83168, -86.28037, -79.34497, 3.0, 2.0, 61.4
-89.85891, -90.04167, -89.98314, -90.01364, -89.97245, -89.88064, -89.93251, -89.72353, -90.11438, -89.99431, -89.96805, -90.10378, -89.99985, -89.99984, -89.70235, -89.17499, -80.27763, 3.0, 2.0, 48.0
-86.27589, -84.97751, -89.65492, -89.62997, -87.02231, -89.17184, -87.37397, -88.14606, -88.97948, -90.00150, -89.82559, -90.11370, -89.98468, -89.14619, -88.64913, -84.15162, -85.29809, 3.0, 2.0, 55.2
-88.26930, -87.59396, -89.88367, -89.85089, -86.95997, -89.65418, -88.69948, -89.04898, -89.39782, -89.99806, -89.91222, -90.10988, -89.99797, -89.39143, -89.62249, -88.80569, -83.60633, 3.0, 2.0, 52.2
-86.94942, -86.01367, -89.76565, -89.66102, -85.05027, -89.40513, -87.62793, -88.29820, -87.65391, -89.98547, -89.74073, -90.11220, -89.98254, -88.58539, -89.24216, -86.37068, -89.97864, 1.0, 2.0, 55.2
-89.81883, -90.01588, -89.97736, -89.99464, -89.99148, -89.95631, -89.86775, -89.69777, -90.12617, -90.00644, -90.00836, -90.09890, -89.99099, -89.99324, -89.67290, -88.72570, -81.08500, 1.0, 2.0, 52.2
-88.21789, -87.65209, -89.87105, -89.72692, -84.57065, -89.01869, -86.85943, -88.38664, -87.78165, -89.99155, -89.90028, -90.13902, -89.97273, -88.31464, -89.47974, -89.83880, -77.54183, 1.0, 2.0, 57.3
-86.13487, -85.16362, -89.66756, -89.42880, -82.09106, -88.35373, -84.63772, -87.03053, -86.32893, -89.99482, -89.75473, -90.12258, -89.99069, -87.07422, -88.81418, -86.21555, -77.57029, 1.0, 2.0, 60.4
-85.98729, -84.35014, -89.71639, -89.63346, -89.93980, -89.33815, -88.67090, -88.99863, -89.61991, -89.98751, -89.82762, -90.11299, -89.97755, -89.87943, -89.21900, -86.39257, -90.04340, 1.0, 2.0, 62.5
-89.70816, -90.00440, -89.97843, -90.01516, -89.94770, -89.96031, -89.67611, -89.57509, -90.12570, -89.99220, -89.99728, -90.09608, -90.00183, -89.95107, -89.57099, -87.84491, -82.88946, 1.0, 2.0, 59.4
-84.77663, -82.98582, -89.55679, -89.42050, -89.93026, -88.97139, -87.85165, -88.79187, -89.38250, -90.00633, -89.74542, -90.14060, -89.98327, -89.87226, -89.04020, -86.29757, -81.86656, 1.0, 2.0, 62.5
-86.09328, -84.34327, -89.74731, -89.61147, -90.02419, -89.29707, -89.29311, -89.50353, -89.62603, -89.98716, -89.81962, -90.09197, -89.98986, -89.99969, -89.69036, -89.97514, -81.91065, 1.0, 2.0, 62.5
-88.28015, -87.49284, -89.93008, -89.83798, -87.94133, -89.67312, -88.85563, -89.45697, -89.31410, -89.99460, -89.94686, -90.08624, -89.98708, -89.54315, -89.82611, -90.01502, -84.51192, 1.0, 2.0, 50.1
-80.30480, -81.43721, -88.43350, -85.80906, -69.55022, -81.02852, -73.10000, -77.60158, -75.34281, -89.95960, -87.39310, -90.13581, -89.94636, -76.77983, -86.24402, -88.67572, -79.70122, 1.0, 2.0, 56.3
-79.36443, -80.68132, -88.11023, -84.95109, -68.59650, -80.03988, -71.97520, -76.44562, -74.13633, -89.92108, -87.14405, -90.08226, -89.95101, -75.65438, -85.32309, -84.99920, -85.80143, 1.0, 2.0, 52.2
-87.52807, -88.21802, -89.79826, -89.37649, -79.27715, -87.93730, -82.37191, -85.91151, -84.25845, -90.00681, -89.67134, -90.14002, -89.97664, -85.42722, -89.25176, -88.43789, -85.02767, 1.0, 2.0, 52.2
-87.69338, -83.83768, -88.66303, -89.98719, -82.78070, -80.85471, -79.78638, -78.06832, -75.49637, -89.95239, -67.22751, -90.11239, -89.96097, -85.20137, -89.07073, -87.42113, -88.70234, 2.0, 2.0, 54.2
-88.30151, -84.80147, -88.99987, -90.00381, -84.29992, -81.73375, -80.77161, -79.09564, -76.73747, -90.00505, -68.11566, -90.08785, -89.96621, -85.68255, -89.46602, -88.03640, -89.01625, 2.0, 2.0, 32.6
-87.37591, -89.72190, -88.78324, -89.98833, -89.84097, -89.57277, -88.83526, -88.45230, -89.38673, -89.97983, -89.72265, -90.12675, -89.98881, -89.39779, -88.93646, -88.87048, -90.17128, 2.0, 2.0, 62.5
-88.69361, -88.52280, -89.71377, -90.02432, -88.16683, -87.35124, -86.74911, -85.12387, -84.13352, -89.99844, -76.39199, -90.10059, -89.97342, -88.27834, -88.51087, -88.34629, -89.71777, 2.0, 2.0, 56.3
-86.89655, -85.30432, -87.96737, -89.97702, -84.99024, -82.68826, -81.56421, -79.84477, -77.56442, -89.96333, -69.04616, -90.11377, -89.97252, -85.88159, -89.18997, -88.18315, -88.78856, 2.0, 2.0, 39.8
-87.80088, -89.83279, -88.90101, -89.99236, -89.95040, -89.71638, -89.12312, -88.77121, -89.49668, -90.00817, -89.74621, -90.12883, -89.97922, -89.46831, -89.17715, -89.25600, -90.02251, 2.0, 2.0, 55.2
-88.82680, -88.31231, -89.46245, -90.02073, -88.22419, -87.01773, -86.27321, -84.63688, -83.46081, -89.98745, -75.59018, -90.10835, -89.97761, -88.03556, -88.60883, -88.54398, -89.37854, 2.0, 2.0, 59.4
-86.68498, -87.98188, -88.34151, -89.99263, -87.71892, -86.45474, -85.44182, -83.68088, -82.76350, -89.99419, -75.31862, -90.09145, -89.96907, -87.44553, -87.66256, -87.65549, -89.19857, 2.0, 2.0, 61.4
-89.17547, -88.69337, -89.41550, -90.02426, -88.48153, -87.64359, -87.11449, -85.70808, -84.07475, -89.99557, -76.80506, -90.10286, -89.97316, -88.76531, -89.51914, -89.44445, -89.64875, 2.0, 2.0, 52.2
-89.27638, -88.12210, -89.65453, -90.02292, -87.65744, -86.75416, -85.98038, -84.34838, -82.29265, -89.98824, -74.73577, -90.09531, -89.97408, -88.75572, -89.92971, -89.45045, -89.95004, 2.0, 2.0, 58.3
-89.41244, -90.01329, -89.45698, -90.02345, -90.03219, -90.02850, -89.92478, -89.48994, -89.94937, -89.98976, -89.91477, -90.10767, -90.00639, -89.54196, -89.66475, -90.01734, -89.71615, 2.0, 2.0, 59.4
-89.53840, -90.00751, -89.53916, -90.02164, -89.96830, -89.94843, -89.93028, -89.36871, -90.00042, -89.99196, -89.92054, -90.10841, -89.99369, -89.48203, -89.54333, -89.90641, -89.68648, 0.0, 3.0, 52.2
-88.20480, -89.87494, -89.09943, -89.99106, -89.91911, -89.83736, -89.35883, -89.12893, -89.60118, -89.99455, -89.80142, -90.10229, -89.99383, -89.64585, -89.46075, -89.51068, -90.05230, 0.0, 3.0, 61.4
-87.28600, -89.93267, -88.35854, -89.97030, -89.97758, -90.07799, -89.15886, -89.36729, -89.10006, -89.98996, -89.62306, -90.09364, -89.99361, -89.89464, -89.87333, -89.96086, -90.07032, 0.0, 3.0, 54.2
-84.97207, -79.36187, -87.40329, -89.99322, -78.20326, -75.55282, -74.24606, -72.85518, -70.16453, -89.88804, -61.40928, -90.12756, -89.86418, -80.78112, -87.61418, -83.51942, -86.84675, 0.0, 3.0, 63.5
-88.78226, -89.69017, -89.56390, -90.02267, -89.75304, -89.35278, -89.19717, -88.01193, -90.01932, -89.99014, -89.90854, -90.11178, -89.96460, -88.76455, -88.34995, -88.56218, -89.52602, 0.0, 3.0, 62.5
-88.86073, -89.71027, -89.87264, -90.02387, -89.77821, -89.40763, -89.21936, -88.31214, -90.05112, -90.00137, -89.95206, -90.09871, -89.96856, -89.15030, -88.59277, -88.61419, -89.99619, 0.0, 3.0, 55.2
-85.12572, -79.83475, -87.43736, -89.95901, -79.34619, -76.59484, -75.19269, -73.85984, -70.91405, -89.90215, -62.39699, -90.09980, -89.90432, -81.91279, -88.75973, -84.67531, -87.41702, 0.0, 3.0, 50.1
-88.43745, -89.82041, -89.30768, -90.03663, -89.84888, -89.62633, -89.26035, -88.64762, -89.77927, -90.01056, -89.82582, -90.09199, -89.97868, -89.31942, -88.99681, -89.10464, -89.95264, 5.0, 2.0, 52.2
-89.18711, -90.00582, -89.63457, -90.00276, -89.97248, -90.01283, -89.75526, -89.68036, -89.92885, -90.00393, -89.91904, -90.09717, -89.98143, -89.96330, -89.80448, -89.85882, -90.19349, 5.0, 2.0, 47.0
-87.64747, -89.90048, -88.40749, -89.99442, -89.94813, -89.96158, -89.17124, -88.86540, -89.28275, -89.96855, -89.67489, -90.09394, -89.98905, -89.41494, -89.42739, -89.70775, -89.70804, 5.0, 2.0, 49.1
-87.54892, -83.39887, -88.75915, -90.00085, -83.05555, -80.35110, -79.12732, -77.78324, -75.22420, -89.95613, -66.32622, -90.09733, -89.94856, -84.60599, -89.00917, -86.98216, -88.96247, 5.0, 2.0, 49.1
-89.70847, -89.96726, -89.72906, -89.99353, -89.95844, -89.91958, -89.93934, -89.36319, -90.11916, -89.99373, -89.96701, -90.13420, -89.99318, -89.51016, -89.49258, -89.77060, -89.79842, 5.0, 2.0, 50.1
-84.40345, -78.09959, -87.13877, -89.98877, -77.35574, -74.70592, -73.36170, -72.02986, -69.41625, -89.85583, -60.40953, -90.09140, -89.86606, -79.64503, -88.05149, -83.22901, -86.52999, 7.0, 1.0, 35.7
-88.55123, -89.84669, -89.50900, -90.00893, -89.84695, -89.65165, -89.28160, -88.85594, -89.77902, -89.98824, -89.86607, -90.09508, -89.97243, -89.51757, -89.15901, -89.11577, -90.18194, 7.0, 1.0, 50.1
-89.03801, -89.79202, -89.46134, -90.00520, -89.81558, -89.44098, -89.41750, -88.20819, -90.03427, -89.97740, -89.89881, -90.13400, -89.97081, -88.76865, -88.57942, -88.87507, -89.42504, 7.0, 1.0, 58.3
-88.05201, -83.53063, -89.07987, -90.01568, -82.74045, -80.47186, -79.10910, -77.85176, -75.43522, -89.96673, -66.39156, -90.09746, -89.94382, -84.76220, -89.25622, -87.37527, -88.77942, 7.0, 1.0, 43.9
-83.14728, -79.85091, -87.02933, -90.00269, -79.23361, -76.25517, -75.31602, -73.94740, -71.41066, -89.93046, -62.54713, -90.10378, -89.90802, -81.18212, -87.45427, -84.21413, -87.19659, 7.0, 1.0, 42.9
-88.22333, -80.73687, -88.30433, -89.97195, -80.12439, -77.62239, -76.24147, -74.95837, -72.29767, -89.92954, -63.39050, -90.10493, -89.93204, -82.34840, -89.36040, -85.87574, -88.01015, 7.0, 1.0, 42.9
-87.86810, -89.91086, -88.58600, -89.99257, -89.95364, -89.91896, -89.32040, -89.01561, -89.42059, -89.99482, -89.71762, -90.10231, -89.97597, -89.36758, -89.46010, -89.81586, -89.59011, 7.0, 1.0, 43.9
-87.50432, -89.83821, -88.68915, -89.99124, -89.93098, -89.96977, -89.16813, -89.01571, -89.26740, -89.99984, -89.57109, -90.11176, -89.96469, -89.67957, -89.48556, -89.69134, -90.17715, 9.0, 2.0, 51.1
-85.28475, -79.16494, -87.06157, -89.95701, -77.59602, -74.80401, -73.45646, -72.18755, -69.66145, -89.87264, -60.65353, -90.09238, -89.85826, -79.64817, -87.77557, -83.32298, -86.56788, 9.0, 2.0, 41.9
-88.81418, -89.78131, -89.48450, -90.01577, -89.83412, -89.49225, -89.35465, -88.34480, -89.96677, -89.99513, -89.89350, -90.09798, -89.98005, -88.96925, -88.70311, -88.90829, -89.66573, 9.0, 2.0, 39.8
-87.96163, -89.90381, -88.65273, -89.76501, -89.95036, -89.86581, -89.40757, -88.97920, -89.44859, -89.99580, -89.74599, -90.13857, -89.99968, -89.37564, -89.36818, -89.64918, -89.70654, 8.0, 4.0, 49.1
-87.09805, -80.95946, -88.15668, -89.58123, -80.12819, -77.75353, -76.31253, -75.09261, -72.50615, -89.95715, -63.52362, -90.09691, -89.91997, -82.32316, -89.34177, -86.00681, -88.11123, 8.0, 4.0, 36.7
-88.41732, -90.00366, -89.03113, -89.85440, -90.03804, -90.10827, -89.63864, -89.68195, -89.62716, -90.00626, -89.79712, -90.09886, -89.96430, -89.94713, -89.91673, -90.03179, -90.11826, 8.0, 4.0, 48.0
-88.54411, -89.73148, -89.72206, -89.95935, -89.72253, -89.41923, -89.15311, -88.37613, -89.88663, -89.98830, -89.92262, -90.09333, -89.98376, -89.25545, -88.69021, -88.67378, -90.13831, 8.0, 4.0, 41.9
-87.29863, -89.88419, -88.45919, -89.75158, -89.96869, -89.92258, -89.18120, -89.18885, -89.26758, -89.99512, -89.71615, -90.15050, -89.98749, -89.81558, -89.59537, -89.61244, -90.17206, 8.0, 4.0, 51.1
-89.33528, -89.87104, -89.70587, -89.92486, -89.87876, -89.68602, -89.63065, -88.83242, -90.07793, -89.98823, -89.94637, -90.14617, -90.00107, -89.25848, -89.07394, -89.26601, -89.75373, 8.0, 4.0, 57.3
-87.10532, -81.15899, -88.29481, -89.52243, -79.99843, -77.73436, -76.32862, -75.11301, -72.49475, -89.94670, -63.45087, -90.09598, -89.92835, -82.34961, -89.19826, -85.97494, -87.93679, 8.0, 4.0, 46.0
-87.25394, -89.82966, -88.05073, -89.56204, -89.93199, -89.71598, -89.12380, -88.52204, -89.18290, -89.98825, -89.62673, -90.12983, -89.99052, -89.03902, -89.06380, -89.47146, -89.44091, 8.0, 4.0, 51.1
-89.19414, -90.01478, -89.51299, -89.91930, -90.00219, -89.99942, -89.84814, -89.53512, -89.95601, -89.99702, -89.90826, -90.09188, -89.98431, -89.74348, -89.72415, -89.86817, -90.00826, 8.0, 4.0, 43.9
-88.92086, -89.93662, -89.06674, -89.75470, -89.94387, -89.89854, -89.79985, -88.98124, -88.96408, -89.99596, -89.84900, -90.14267, -89.97668, -89.04365, -89.36920, -89.81164, -89.48468, 6.0, 6.0, 41.9
-86.84329, -80.93271, -87.82543, -89.33772, -80.49901, -77.60232, -76.57679, -75.10866, -72.31044, -89.93134, -63.69970, -90.10735, -89.94301, -82.38708, -88.98661, -85.90353, -87.77046, 6.0, 6.0, 36.7
-84.61222, -80.16843, -86.55651, -88.96914, -79.58933, -76.66294, -75.69202, -74.12955, -71.41905, -89.91388, -62.81991, -90.10870, -89.90674, -81.48449, -87.72848, -84.58716, -87.32878, 6.0, 6.0, 47.0
-86.45085, -81.02763, -87.80680, -89.42566, -80.46489, -77.64684, -76.61045, -75.17241, -72.37001, -89.92144, -63.67675, -90.09897, -89.92535, -82.42528, -89.33486, -85.97158, -88.21077, 6.0, 6.0, 49.1
-88.83922, -90.02097, -89.30123, -89.87496, -90.01051, -90.09987, -89.80197, -89.74417, -89.78690, -90.00324, -89.86437, -90.12172, -89.98044, -89.92557, -89.90231, -90.02588, -90.11553, 6.0, 6.0, 41.9
-87.01911, -85.18127, -88.73967, -89.79608, -85.07591, -82.70536, -82.34813, -79.54427, -77.45173, -89.98444, -70.35785, -90.09715, -89.95470, -85.83337, -88.18870, -86.83989, -89.22163, 6.0, 6.0, 33.6
-89.55140, -89.99317, -89.37192, -89.81640, -89.99555, -90.02563, -89.99272, -89.31152, -89.98509, -89.98980, -89.89035, -90.10746, -89.97274, -89.40169, -89.57583, -90.04745, -89.64467, 6.0, 6.0, 45.0
-88.85623, -89.75622, -89.41454, -89.83157, -89.88376, -89.36407, -89.19711, -87.80040, -89.97704, -89.99415, -89.85520, -90.14566, -89.97474, -88.63369, -88.35370, -88.64707, -89.38282, 44.0, 4.0, 62.5
-87.36817, -89.65988, -88.67583, -89.69995, -89.60814, -89.21202, -88.66885, -87.40924, -89.50838, -89.99476, -89.66909, -90.11377, -89.98689, -88.56296, -88.17752, -88.32663, -89.49422, 44.0, 4.0, 53.2
-87.71360, -84.43137, -89.28635, -89.88242, -83.89747, -81.11222, -80.48546, -78.42816, -76.12724, -89.97324, -67.12392, -90.09853, -89.96062, -84.60676, -88.09577, -86.61303, -89.08377, 44.0, 4.0, 64.5
-89.82915, -89.33776, -89.89766, -89.97417, -89.32208, -88.91379, -88.66617, -87.63643, -86.58788, -89.99083, -79.90598, -90.13187, -89.99006, -89.41976, -89.89075, -89.89856, -90.03344, 2.0, 6.0, 53.2
-87.63462, -89.49273, -88.70138, -89.79405, -89.57202, -89.14464, -88.51261, -88.01817, -87.41596, -89.97860, -82.24484, -90.14240, -89.98713, -89.50551, -89.69475, -89.63743, -90.12734, 2.0, 6.0, 36.7
-88.74415, -88.65805, -89.10855, -89.77605, -88.84797, -87.75452, -87.20535, -85.71194, -84.62668, -89.98546, -77.51601, -90.13305, -89.97438, -88.34273, -89.07466, -89.21446, -89.41057, 2.0, 6.0, 39.8
-88.99529, -88.39659, -89.71438, -89.97493, -88.58583, -87.36357, -86.68879, -85.32123, -83.90909, -89.98623, -76.58341, -90.09618, -89.96964, -88.50123, -89.28156, -89.04615, -89.96890, 2.0, 6.0, 49.1
-89.45350, -87.42762, -89.66571, -89.98314, -87.42960, -85.93499, -85.29486, -83.48774, -81.50616, -89.97691, -73.61113, -90.12579, -89.97041, -87.97899, -89.93804, -89.51550, -89.80334, 2.0, 6.0, 49.1
-87.34982, -87.72276, -88.40901, -89.68124, -87.40581, -86.35931, -85.53936, -83.35991, -82.14898, -89.97527, -74.21851, -90.09979, -89.96905, -87.63826, -89.14544, -89.05842, -89.49311, 2.0, 6.0, 39.8
-87.15319, -89.14526, -88.42952, -89.62146, -89.21168, -88.51145, -87.84598, -86.37798, -87.19701, -89.98257, -81.70460, -90.10508, -89.97341, -88.15062, -88.07759, -88.27808, -89.30084, 2.0, 6.0, 47.0
-89.15256, -89.88207, -89.38164, -89.81487, -89.89219, -89.70139, -89.63588, -88.73049, -90.00356, -89.99411, -89.86406, -90.13505, -89.97834, -89.14745, -89.09457, -89.44011, -89.54331, 2.0, 6.0, 47.0
-89.37874, -90.02914, -89.57404, -89.93213, -90.02364, -90.08006, -89.95784, -89.70507, -89.97584, -90.01579, -89.92923, -90.10624, -89.99281, -89.83353, -89.84569, -90.03192, -89.99294, 2.0, 6.0, 53.2
-85.10909, -78.35747, -86.70421, -89.08159, -77.38266, -75.26675, -73.49059, -72.67904, -70.06964, -89.88048, -60.83347, -90.13248, -89.90069, -79.56506, -88.08586, -85.45401, -86.25949, 2.0, 6.0, 31.6
-87.06070, -80.07155, -87.82528, -89.57832, -79.78437, -76.60804, -75.24726, -74.93768, -71.47469, -89.91426, -62.25157, -90.13422, -89.91302, -81.11408, -89.29353, -85.51914, -87.91108, 0.0, 5.0, 65.5
-86.32207, -79.53296, -87.30780, -88.77435, -78.80111, -76.23940, -75.54544, -73.87162, -71.10235, -89.88621, -62.11868, -90.10743, -89.89729, -80.79946, -88.71320, -84.84402, -86.93953, 0.0, 5.0, 54.2
-86.44610, -82.05744, -87.86926, -88.77435, -81.23743, -78.95974, -78.33371, -76.67510, -73.88605, -89.96151, -65.12838, -90.08926, -89.93846, -83.46388, -88.66963, -86.29655, -88.20348, 0.0, 5.0, 52.2
-89.27433, -89.93544, -89.77619, -88.77435, -89.92227, -89.85628, -89.76435, -89.31646, -90.04143, -90.00240, -89.93292, -90.10084, -89.98614, -89.69392, -89.47116, -89.53171, -90.13707, 0.0, 5.0, 48.0
-86.06050, -89.51309, -88.20368, -88.77435, -89.62167, -89.07994, -88.17610, -87.44389, -89.00068, -89.97722, -89.55620, -90.14492, -89.97086, -88.55159, -88.19717, -87.84192, -90.10117, 1.0, 8.0, 64.5
-86.86852, -81.23871, -87.95708, -88.77435, -80.83209, -78.14732, -77.18591, -75.59885, -73.22840, -89.94766, -63.76335, -90.09523, -89.93446, -82.69139, -89.10222, -85.92750, -87.99629, 1.0, 8.0, 32.6
-88.41740, -89.94402, -89.24063, -88.77435, -89.97716, -89.95362, -89.49629, -89.44771, -89.70884, -90.00076, -89.83446, -90.14267, -89.97428, -89.82352, -89.68270, -89.68408, -90.16612, 1.0, 8.0, 48.0
-88.39554, -89.60399, -89.88879, -88.77435, -89.64072, -89.08071, -88.99540, -87.68048, -89.99894, -89.98129, -89.92812, -90.13098, -89.99002, -88.50833, -88.14213, -87.93165, -90.03962, 1.0, 8.0, 53.2
-89.42715, -90.01315, -89.81664, -88.77435, -89.97351, -89.99967, -89.87625, -89.63428, -90.02880, -89.98365, -89.97817, -90.09656, -89.97383, -89.84725, -89.74757, -89.76873, -90.18970, 1.0, 8.0, 47.0
-88.94027, -89.99799, -89.00448, -88.77435, -90.03631, -89.97626, -89.83346, -89.24199, -89.82925, -90.00467, -89.86272, -90.10009, -89.98313, -89.22808, -89.32681, -89.99471, -89.55779, 1.0, 8.0, 57.3
-86.93671, -89.53715, -88.81209, -88.77435, -89.64766, -89.06116, -88.53913, -87.57661, -89.43686, -89.99552, -89.71508, -90.13123, -89.96815, -88.63043, -88.17525, -87.92465, -90.11343, 1.0, 8.0, 57.3
-84.56615, -77.50310, -86.26122, -88.77435, -76.85599, -73.93647, -73.11337, -71.66140, -69.13789, -89.85696, -59.38022, -90.13062, -89.82377, -78.73758, -89.13618, -83.86966, -86.08972, 3.0, 8.0, 69.7
-89.58262, -89.96238, -89.89617, -88.77435, -89.93270, -89.84410, -89.86093, -89.30957, -90.14444, -89.99684, -89.99065, -90.09782, -89.99571, -89.61592, -89.45346, -89.57784, -90.05816, 3.0, 8.0, 37.7
-87.68538, -89.97688, -88.47884, -88.77435, -89.98405, -90.04454, -89.36833, -89.31525, -89.34966, -89.98585, -89.72997, -90.08446, -89.97900, -89.56340, -89.59307, -89.97518, -89.81248, 3.0, 8.0, 60.4
-86.39444, -80.41943, -87.84637, -88.77435, -79.82121, -76.96037, -76.16868, -74.61848, -72.22401, -89.91171, -62.60706, -90.10410, -89.91312, -81.50765, -88.39677, -85.25683, -87.56260, 5.0, 9.0, 46.0
-82.12392, -75.01384, -84.10875, -88.77435, -74.39641, -71.28786, -70.55906, -68.87343, -66.36403, -89.73952, -56.87450, -90.09748, -89.73494, -76.22352, -87.11940, -80.86550, -83.85563, 5.0, 9.0, 58.3
-85.38556, -79.81398, -86.91322, -88.77435, -79.22119, -76.38430, -75.69095, -73.90908, -71.38827, -89.92483, -62.28708, -90.09376, -89.89053, -81.18167, -89.05096, -85.17510, -87.33945, 9.0, 8.0, 62.5
-89.90112, -90.04729, -89.96670, -89.99861, -90.00819, -90.02412, -89.75420, -89.92612, -90.03544, -90.00279, -88.98690, -90.10494, -89.98742, -89.74027, -89.93385, -90.04220, -90.19164, 0.0, 3.0, 48.0
-89.90841, -90.01721, -89.94519, -89.97526, -89.92785, -89.62422, -89.96028, -89.71299, -89.94635, -89.98135, -87.85103, -90.12733, -89.99142, -89.34584, -89.31996, -89.93175, -90.17139, 0.0, 3.0, 67.6
-86.28977, -89.38903, -89.69907, -89.89163, -88.15024, -88.65429, -82.02203, -87.70688, -86.67726, -89.97611, -87.29048, -90.10582, -89.97738, -88.88850, -88.66193, -89.67029, -89.83770, 0.0, 3.0, 64.5
-89.70380, -89.91978, -89.91114, -89.96082, -89.94527, -89.54548, -87.63006, -89.41983, -89.55459, -90.00104, -87.32069, -90.14603, -89.97393, -89.19536, -89.19341, -89.88530, -90.10124, 0.0, 3.0, 58.3
-89.02325, -89.63175, -89.79981, -89.94390, -89.91517, -89.06532, -83.18523, -88.33840, -88.78863, -89.99955, -89.42825, -90.08785, -89.97222, -89.96811, -88.12555, -89.68886, -89.89976, 0.0, 3.0, 64.5
-85.49852, -89.61890, -89.73337, -89.85905, -87.31816, -88.42914, -84.91410, -88.13225, -86.69106, -89.99799, -89.39208, -90.11005, -89.98943, -89.17632, -89.19935, -89.88036, -90.01921, 0.0, 3.0, 57.3
-89.66456, -89.89909, -89.92690, -89.96251, -89.95915, -89.66545, -87.18684, -89.45971, -89.55938, -90.00026, -87.75826, -90.09523, -89.99135, -89.34605, -89.32556, -89.91380, -90.10613, 0.0, 3.0, 64.5
-87.76450, -89.68896, -89.84445, -89.94868, -89.02164, -89.24589, -84.20257, -88.58727, -88.20554, -89.99073, -89.49699, -90.14156, -89.98525, -89.71571, -89.07759, -89.86308, -89.98508, 0.0, 3.0, 62.5
-85.29475, -89.43050, -89.65879, -89.80523, -87.36835, -88.04075, -82.94305, -87.57477, -86.15729, -89.99825, -86.51044, -90.13137, -89.97916, -88.38741, -88.53542, -89.64885, -89.90396, 0.0, 3.0, 63.5
-85.86787, -89.52344, -89.73369, -89.87702, -87.79050, -88.53797, -83.14442, -87.87828, -86.76334, -89.98894, -89.21367, -90.12495, -89.97375, -89.31684, -88.83047, -89.78859, -89.92240, 0.0, 3.0, 63.5
-87.28903, -89.55396, -89.80110, -89.93963, -88.75300, -89.09935, -82.82480, -88.19858, -87.56656, -89.98896, -89.30517, -90.11056, -89.99033, -89.69558, -88.93759, -89.79639, -89.91685, 0.0, 3.0, 66.6
-88.67294, -89.94769, -89.83720, -89.86153, -86.74686, -89.04108, -89.09319, -89.35056, -88.87837, -89.99599, -84.74448, -90.14049, -89.99904, -88.05388, -89.18817, -89.75448, -90.14724, 0.0, 2.0, 50.1
-89.67256, -89.93717, -89.91468, -89.97839, -89.99507, -89.67082, -87.24254, -89.44342, -89.68458, -89.99531, -89.84717, -90.09452, -89.98944, -90.01289, -89.13569, -89.93299, -90.11750, 0.0, 2.0, 59.4
-86.12421, -89.60599, -89.69559, -89.64414, -83.69405, -88.55620, -82.62959, -88.11591, -87.28675, -89.98742, -87.67507, -90.09618, -89.97341, -88.53924, -88.61837, -89.67394, -89.82360, 0.0, 2.0, 52.2
-87.64182, -90.12810, -89.87135, -89.80889, -85.07872, -89.40105, -88.85960, -89.55042, -88.92342, -89.99335, -89.54235, -90.10017, -89.97967, -89.28734, -89.78528, -89.97513, -90.14515, 0.0, 2.0, 54.2
-87.86589, -89.59251, -89.81235, -89.88906, -87.19198, -89.31342, -82.33837, -88.32139, -88.07602, -89.98724, -89.16780, -90.10408, -89.98868, -89.58479, -88.85758, -89.77310, -89.85851, 0.0, 2.0, 51.1
-87.68479, -89.77658, -89.78344, -89.80358, -85.91902, -88.73818, -85.10376, -88.77961, -88.35439, -89.98138, -86.04247, -90.10025, -89.97872, -88.35472, -88.55533, -89.72251, -89.96795, 0.0, 2.0, 53.2
-88.92840, -89.57619, -89.82473, -89.96262, -89.98815, -89.38740, -82.42521, -88.40221, -88.55220, -89.98165, -88.91143, -90.11352, -89.97652, -89.84382, -88.54803, -89.78238, -89.87568, 0.0, 2.0, 40.8
-86.60766, -90.00467, -89.81009, -89.71361, -83.67357, -89.03486, -88.21376, -89.35427, -88.19229, -89.98495, -87.74239, -90.13163, -90.00200, -88.48652, -89.90076, -89.91199, -90.08196, 0.0, 2.0, 56.3
-87.45640, -89.94735, -89.85725, -89.77926, -85.20658, -89.20231, -86.83363, -89.23235, -88.49247, -90.00682, -87.85050, -90.11207, -89.98234, -88.82636, -89.50772, -89.86206, -90.05190, 0.0, 2.0, 54.2
-86.16486, -89.58428, -89.68885, -89.64151, -83.71845, -88.22513, -82.54377, -87.97853, -87.20642, -89.98645, -87.09009, -90.09604, -89.98634, -88.37777, -88.22461, -89.56754, -89.82059, 0.0, 2.0, 56.3
-87.86804, -89.71578, nan, -89.87803, nan, -89.44582, -82.12279, nan, -87.59822, nan, nan, nan, -89.98580, nan, -88.84355, nan, -89.84454, 6.0, 3.0, 56.3
-87.26641, -89.98232, -89.76215, -89.76635, -83.80493, -88.48962, -88.34853, -89.01204, -87.52877, -89.98896, -88.06310, -90.08764, -89.98108, -88.77724, -88.63259, -89.77186, -90.06415, 6.0, 3.0, 53.2
-87.30643, -89.77155, -89.67454, -89.87626, -84.60675, -88.35795, -84.35545, -88.37358, -87.15045, -89.99450, -85.22909, -90.14126, -89.98548, -87.98885, -88.07665, -89.56929, -89.88844, 6.0, 3.0, 52.2
-87.60744, -89.90664, -89.77365, -89.86837, -84.63762, -89.09276, -84.32709, -88.69724, -87.29843, -89.98719, -86.92272, -90.09288, -89.97352, -88.56760, -89.29624, -89.77893, -89.96631, 6.0, 3.0, 49.1
-87.98136, -90.03799, -89.84985, -89.85431, -85.43716, -89.18469, -89.00816, -89.38418, -88.36941, -89.99343, -89.55455, -90.13622, -89.98208, -89.43492, -89.24348, -89.91187, -90.13116, 6.0, 3.0, 64.5
-88.12954, -90.03230, -89.87344, -89.90208, -85.47167, -89.25403, -89.00429, -89.43911, -88.42395, -90.00390, -89.57246, -90.10542, -89.98746, -89.46136, -89.39419, -89.92261, -90.11906, 6.0, 3.0, 64.5
-88.24147, -89.88012, -89.81724, -89.93802, -86.17387, -89.41942, -85.06128, -88.95949, -88.20247, -89.99612, -88.85938, -90.10886, -89.98867, -89.37939, -89.18093, -89.86792, -90.03817, 6.0, 3.0, 41.9
-89.70294, -89.88408, -89.90020, -89.96576, -89.99378, -89.56381, -86.07448, -89.21112, -89.59895, -89.98660, -89.79027, -90.09762, -89.99969, -90.00800, -88.92904, -89.91801, -90.07254, 6.0, 3.0, 51.1
-86.49036, -89.97650, -89.75855, -89.63341, -83.01634, -88.53753, -88.03413, -88.95782, -86.95874, -89.98988, -86.87037, -90.13438, -89.99622, -88.29175, -89.00889, -89.73593, -90.04419, 6.0, 3.0, 64.5
-88.58318, -90.03189, -89.88129, -89.85841, -86.67893, -89.18269, -89.32317, -89.43344, -88.98530, -89.98795, -89.70438, -90.10640, -89.98804, -89.62153, -88.91302, -89.90699, -90.09525, 6.0, 3.0, 62.5
-86.93344, -89.76059, -89.71935, -89.73768, -83.82408, -88.29671, -84.32694, -88.33489, -86.97676, -89.97794, -85.88062, -90.16338, -89.98308, -88.08520, -88.32340, -89.68424, -89.92092, 8.0, 2.0, 52.2
-89.46252, -89.83838, -89.90288, -89.98295, -89.92899, -89.51760, -85.58393, -89.16090, -89.01257, -90.00548, -85.58198, -90.09265, -89.97717, -88.52765, -89.27156, -89.80301, -90.06472, 8.0, 2.0, 53.2
-89.06844, -89.66129, -89.86821, -89.97863, -89.96416, -89.50669, -83.02115, -88.59945, -88.56132, -89.97601, -87.06601, -90.09156, -89.99510, -89.17704, -88.91149, -89.78009, -89.91944, 8.0, 2.0, 57.3
-89.67965, -89.85256, -89.93247, -89.96658, -89.88321, -89.44537, -87.44387, -89.46484, -89.13358, -89.99100, -84.19929, -90.10141, -89.96368, -87.91773, -89.46648, -89.80986, -90.13409, 8.0, 2.0, 58.3
-89.71443, -89.94291, -89.96358, -89.99098, -89.95906, -89.91516, -87.62139, -89.56920, -89.80991, -90.01159, -89.87257, -90.12129, -89.96230, -89.99611, -89.58105, -89.99527, -90.13639, 8.0, 2.0, 52.2
-88.10764, -90.02428, -89.91446, -89.86731, -85.50393, -89.36395, -89.05002, -89.47078, -88.49427, -90.01019, -89.01690, -90.08959, -89.99046, -89.28744, -89.64599, -89.96803, -90.11816, 8.0, 2.0, 58.3
-87.67866, -90.00730, -89.82832, -89.80409, -84.60979, -88.80935, -88.71966, -89.16584, -88.08406, -89.98994, -88.90158, -90.09639, -89.98413, -89.09060, -88.88804, -89.85866, -90.07478, 8.0, 2.0, 58.3
-87.17537, -89.99458, -89.80846, -89.77446, -83.86312, -88.78864, -86.89260, -88.98281, -87.44400, -89.98779, -88.20547, -90.13839, -89.99792, -88.80936, -89.17520, -89.84568, -90.03881, 8.0, 2.0, 41.9
-86.79167, -90.02246, -89.81747, -89.73516, -83.02546, -88.72876, -88.15647, -89.07026, -87.12254, -89.99160, -86.93415, -90.13277, -89.98612, -88.25715, -89.56300, -89.84572, -90.08041, 8.0, 2.0, 56.3
-86.53975, -89.81330, -89.77680, -89.71444, -82.98160, -88.68900, -84.20260, -88.44495, -86.71194, -89.98992, -87.50284, -90.10965, -89.98764, -88.48162, -89.17878, -89.75053, -89.96742, 8.0, 2.0, 51.1
-86.70873, -89.59742, -89.69782, -89.79204, -83.91788, -88.96610, -82.29971, -87.96923, -86.65330, -89.99550, -88.82279, -90.10651, -89.97909, -89.07970, -88.88297, -89.71539, -89.84405, 7.0, 5.0, 46.0
-88.15958, -89.87133, -89.86836, -89.90200, -86.11459, -89.49384, -85.24867, -88.95284, -88.34465, -89.98786, -89.41207, -90.10862, -89.98371, -89.54280, -89.31358, -89.87194, -90.02917, 7.0, 5.0, 48.0
-89.24809, -89.64599, -89.86217, -89.92584, -89.88502, -89.37559, -84.23593, -88.79390, -88.50911, -89.98599, -84.15087, -90.10234, -89.97780, -87.92047, -88.86699, -89.69074, -89.97025, 7.0, 5.0, 50.1
-89.36038, -89.76677, -89.85909, -89.96397, -89.90483, -89.40026, -84.89512, -88.94482, -88.95885, -89.99517, -86.23976, -90.13575, -89.96616, -88.79954, -88.79250, -89.77381, -90.00827, 7.0, 5.0, 50.1
-87.64992, -89.71100, -89.77489, -89.82868, -85.37233, -89.28182, -83.57423, -88.42274, -87.21831, -89.99700, -86.50774, -90.12955, -89.98219, -88.56576, -88.77568, -89.70361, -89.93109, 7.0, 5.0, 50.1
-87.98432, -89.86306, -89.70978, -89.83597, -85.35449, -89.16308, -86.70631, -88.97879, -88.05560, -89.99493, -87.76489, -90.13464, -89.96854, -88.97112, -89.01526, -89.84491, -89.99632, 7.0, 5.0, 42.9
-87.53397, -89.84532, -89.76429, -89.72988, -84.59685, -88.47871, -86.32696, -88.79845, -87.57163, -89.98749, -85.42362, -90.10552, -89.96997, -88.02843, -88.77393, -89.67244, -90.00639, 7.0, 5.0, 41.9
-88.50794, -89.99163, -89.83573, -89.85640, -86.05610, -88.99519, -88.91187, -89.40751, -88.58288, -90.00436, -86.29485, -90.13145, -89.99495, -88.49160, -89.19371, -89.83720, -90.11915, 7.0, 5.0, 55.2
-88.89423, -89.96857, -89.95196, -90.00707, -89.96653, -89.85484, -87.90873, -89.61766, -89.74735, -89.99932, -88.70215, -90.13143, -89.96716, -89.69576, -89.53251, -89.97258, -90.14665, 7.0, 5.0, 43.9
-88.20864, -89.82605, -89.81641, -89.83311, -86.06395, -88.98381, -85.82698, -89.02304, -87.86992, -89.98296, -85.45552, -90.13131, -89.99368, -88.09210, -89.07944, -89.75277, -90.05334, 7.0, 5.0, 47.0
-89.64653, -89.88219, -89.96630, -90.01843, -89.96687, -89.95899, -86.72760, -89.44476, -89.46134, -89.99169, -88.09272, -90.13075, -89.99093, -89.49423, -89.57358, -89.95411, -90.11589, 7.0, 5.0, 47.0
-89.09980, -89.66081, -89.84907, -89.95704, -89.96402, -89.27020, -82.92491, -88.50920, -88.62034, -89.98566, -88.46541, -90.13652, -89.98783, -89.74106, -88.53497, -89.73029, -89.90665, 1.0, 8.0, 31.6
-87.81927, -89.82266, -89.83348, -89.86871, -85.52781, -89.32424, -84.60657, -88.79742, -87.81185, -89.99470, -88.32382, -90.10540, -89.98947, -89.13437, -89.34985, -89.84394, -90.00635, 1.0, 8.0, 31.6
-86.59679, -89.89898, -89.75912, -89.76135, -83.16565, -88.58824, -86.19726, -89.25166, -86.82291, -89.98094, -85.17904, -90.08357, -89.97380, -87.89216, -89.42408, -89.73103, -90.08089, 1.0, 8.0, 40.8
-89.57077, -89.88636, -89.93686, -89.99448, -89.99010, -89.74620, -86.16666, -89.35223, -89.45660, -89.99241, -88.46217, -90.13192, -89.99221, -89.72810, -89.35997, -89.92247, -90.06871, 1.0, 8.0, 46.0
-87.25061, -89.96920, -89.83227, -89.75665, -83.81282, -88.82340, -88.54476, -89.10895, -87.32166, -89.99682, -84.72780, -90.13743, -89.98985, -87.90538, -89.74879, -89.76730, -90.11726, 1.0, 8.0, 41.9
-89.88281, -89.98775, -89.87906, -89.93838, -89.90850, -89.12570, -89.94108, -89.54000, -89.90114, -89.99344, -87.48845, -90.13307, -89.97098, -89.41634, -88.73554, -89.83547, -90.12566, 1.0, 8.0, 37.7
-87.72366, -89.75843, -89.82035, -89.85869, -85.43000, -89.13270, -83.98232, -88.62072, -87.65236, -90.00449, -88.03238, -90.13351, -89.97850, -89.07330, -89.03955, -89.79259, -89.94029, 1.0, 8.0, 33.6
-87.48233, -89.57309, -89.75781, -89.82322, -85.38437, -88.89670, -82.10584, -88.07978, -87.11104, -89.97960, -86.83278, -90.13045, -89.99549, -88.81088, -88.60727, -89.65091, -89.81776, 1.0, 8.0, 36.7
-87.12524, -89.95225, -89.80838, -89.80868, -83.84280, -89.18864, -86.27850, -88.98782, -87.40418, -89.99179, -89.17975, -90.09051, -89.98296, -89.15530, -89.66877, -89.88933, -90.04510, 1.0, 8.0, 52.2
-89.63840, -89.84735, -89.90534, -89.95024, -89.90858, -89.34729, -87.05589, -89.31962, -89.22331, -89.99037, -84.35553, -90.12509, -89.98270, -88.87028, -89.43243, -89.75458, -90.12256, 1.0, 8.0, 41.9
-86.76465, -89.66671, -89.70679, -89.72911, -83.68531, -88.70533, -83.14482, -88.33781, -86.48014, -89.99168, -84.45502, -90.12688, -89.97703, -87.10612, -88.93839, -89.61850, -89.92077, 1.0, 7.0, 46.0
-87.26224, -89.99258, -89.76920, -89.75858, -83.77427, -88.76715, -88.43381, -89.15941, -87.54434, -90.00360, -86.86070, -90.13309, -89.95984, -88.23341, -89.17735, -89.76931, -90.07758, 1.0, 7.0, 33.6
-86.61961, -89.97658, -89.74383, -89.71025, -82.92186, -88.75910, -88.09495, -89.06703, -86.90741, -89.97184, -85.85276, -90.10457, -89.98316, -87.65011, -89.56856, -89.74514, -90.06237, 1.0, 7.0, 36.7
-89.33748, -89.76051, -89.83062, -89.94916, -89.92505, -89.19918, -84.27825, -88.78374, -89.03774, -89.98415, -88.85748, -90.14718, -89.96243, -89.70023, -88.39950, -89.76168, -89.96829, 1.0, 7.0, 25.4
-86.45993, -89.85903, -89.71221, -89.71114, -82.91815, -88.52871, -85.13177, -88.52901, -86.91983, -89.99416, -88.51079, -90.10713, -89.98012, -88.65652, -88.78819, -89.71922, -89.96363, 1.0, 7.0, 22.3
-88.06800, -90.02854, -89.86433, -89.86534, -85.32669, -89.26898, -89.08463, -89.44015, -88.40278, -89.99012, -88.86818, -90.14944, -89.99112, -89.22202, -89.51996, -89.94342, -90.12823, 1.0, 7.0, 25.4
-89.89945, -90.00863, -89.91379, -89.96173, -89.92159, -89.43951, -89.97186, -89.67852, -90.04382, -89.98293, -88.79543, -90.09745, -89.98460, -89.51919, -88.96386, -89.90731, -90.17018, 1.0, 7.0, 46.0
-87.93128, -89.89820, -89.83011, -89.83695, -85.34345, -89.06563, -86.47238, -89.06948, -88.05206, -90.00035, -86.70487, -90.08721, -89.96771, -88.34920, -89.24033, -89.76880, -90.04999, 1.0, 7.0, 46.0
-87.98459, -89.92617, -89.82674, -89.83430, -85.34493, -88.91628, -87.27190, -89.09287, -88.18584, -89.97693, -87.57728, -90.10372, -89.98176, -88.72646, -88.95052, -89.79832, -90.04753, 1.0, 7.0, 40.8
-87.29409, -89.96155, -89.78305, -89.74938, -83.69220, -88.77591, -88.42117, -89.12350, -87.37607, -89.98198, -85.45405, -90.09291, -89.97143, -87.68211, -89.33992, -89.79401, -90.05926, 5.0, 9.0, 46.0
-88.05352, -89.77007, -89.82348, -89.86169, -86.03993, -89.19098, -83.99160, -88.66001, -87.89366, -89.98320, -87.43969, -90.10111, -89.98244, -88.89560, -88.99256, -89.78665, -89.96369, 5.0, 9.0, 46.0
-88.60338, -89.95356, -89.90971, -89.92868, -86.62043, -89.56277, -87.45221, -89.43864, -88.79228, -89.98279, -88.91362, -90.11816, -89.99310, -89.43105, -89.62766, -89.96975, -90.10752, 5.0, 9.0, 38.8
-88.26097, -89.93981, -89.89145, -89.91306, -86.07184, -89.50633, -86.20511, -89.22236, -88.39403, -89.99369, -89.07774, -90.16573, -89.98568, -89.42566, -89.60163, -89.93789, -90.06159, 5.0, 9.0, 37.7
-89.43903, -89.82063, -89.87356, -89.97764, -89.93975, -89.42769, -84.91217, -88.97160, -89.25432, -89.97918, -88.94475, -90.09617, -89.99807, -89.74458, -88.63417, -89.90430, -90.01979, 5.0, 9.0, 41.9
-87.46208, -89.53106, -89.72911, -89.80190, -85.31043, -88.77070, -82.08904, -88.02342, -86.97648, -89.98942, -84.52080, -90.14092, -89.98813, -87.56061, -88.67886, -89.56373, -89.81376, 5.0, 9.0, 56.3
-88.12140, -90.03141, -89.85265, -89.85157, -85.36241, -89.17232, -89.03137, -89.39909, -88.42328, -89.98138, -89.00259, -90.09892, -89.97289, -89.25578, -89.35211, -89.93792, -90.10892, 5.0, 9.0, 40.8
-87.21244, -89.97132, -89.81317, -89.80132, -83.81553, -89.03670, -86.85070, -89.05771, -87.45979, -89.99875, -88.44929, -90.09550, -89.97383, -88.85298, -89.56629, -89.87503, -90.04028, 5.0, 9.0, 40.8
-88.44474, -90.04441, -89.90657, -89.92251, -86.09849, -89.58027, -89.26924, -89.62107, -88.74166, -89.99495, -89.68100, -90.09438, -89.95794, -89.55968, -89.80134, -89.98861, -90.14427, 5.0, 9.0, 39.8
-89.52688, -89.86562, -89.93494, -89.99583, -90.02010, -89.86803, -85.52997, -89.26178, -89.33250, -90.00707, -88.97663, -90.10115, -89.98456, -89.75735, -89.44300, -89.93606, -90.06141, 5.0, 9.0, 52.2
-87.99390, -89.83005, -89.77279, -89.78894, -85.32001, -88.72761, -86.76411, -88.98755, -87.73554, -89.99195, -84.20679, -90.13779, -89.97647, -87.25043, -88.92906, -89.67933, -90.05950, 9.0, 7.0, 50.1
-89.49875, -89.83465, -89.92148, -89.97968, -89.98322, -89.70904, -85.52263, -89.21373, -89.25484, -90.00876, -87.73329, -90.14123, -89.98437, -89.25050, -89.25819, -89.90183, -90.08004, 9.0, 7.0, 49.1
-88.04118, -89.89189, -89.84113, -89.87657, -86.62309, -89.16227, -86.21379, -89.05994, -88.53659, -89.98970, -88.98491, -90.14711, -89.98932, -89.45347, -88.88038, -89.85072, -90.03772, 9.0, 7.0, 51.1
-89.76449, -89.89921, -89.92094, -89.97301, -89.96366, -89.67798, -87.80609, -89.59570, -89.43112, -90.01880, -85.72980, -90.13883, -89.98163, -88.31016, -89.61708, -89.90113, -90.14009, 9.0, 7.0, 51.1
-88.18950, -89.72774, -89.79689, -89.88276, -86.66723, -89.09958, -83.49881, -88.53521, -88.07235, -89.99250, -89.30395, -90.14187, -89.98855, -89.61551, -88.63103, -89.79989, -89.92230, 9.0, 7.0, 58.3
-88.17150, -89.65093, -89.78297, -89.83258, -86.60547, -88.91171, -83.47723, -88.47035, -87.70132, -89.97890, -84.67472, -90.12186, -89.99252, -87.69412, -88.68143, -89.61652, -89.89465, 9.0, 7.0, 55.2
-89.92236, -90.04573, -89.95352, -89.98545, -89.97744, -89.83944, -90.01461, -89.87936, -90.07969, -89.99012, -89.22680, -90.09193, -89.97852, -89.77193, -89.61485, -89.99374, -90.16180, 9.0, 7.0, 55.2
-88.09311, -89.80564, -89.78356, -89.85210, -86.00239, -88.78797, -84.63322, -88.63858, -88.15311, -89.98060, -89.36174, -90.13182, -89.98912, -89.51200, -88.34449, -89.75093, -89.97584, 9.0, 7.0, 55.2
-87.14877, -89.85720, -89.72624, -89.74037, -83.71410, -88.45225, -86.72310, -88.83510, -87.16308, -89.97749, -84.65075, -90.13415, -89.98648, -87.33023, -88.85391, -89.68320, -90.02717, 9.0, 7.0, 45.0
-88.68244, -90.04352, -89.88649, -89.91120, -86.59520, -89.41318, -89.36121, -89.54337, -89.01871, -89.97879, -89.73404, -90.09753, -89.96798, -89.63573, -89.35301, -89.95346, -90.12979, 9.0, 7.0, 64.5
-87.98494, -89.91397, -89.86661, -89.86765, -85.39077, -89.44211, -86.14381, -89.40148, -88.18249, -89.99287, -89.51089, -90.13345, -89.98413, -89.43886, -89.67610, -89.87470, -90.07263, 4.0, 6.0, 58.3
-88.22819, -89.86248, -89.84535, -89.89649, -86.04752, -89.24698, -85.68128, -89.46449, -88.18436, -89.99035, -87.93891, -90.14597, -89.97559, -88.99799, -89.24481, -89.84030, -90.03847, 4.0, 6.0, 58.3
-87.27073, -89.91797, -89.74715, -89.81580, -84.20300, -88.69728, -87.84449, -89.26868, -88.22310, -90.00627, -89.79622, -90.12768, -89.97032, -89.56606, -88.95060, -89.80738, -90.07671, 4.0, 6.0, 64.5
-88.79693, -90.02361, -89.90710, -89.88393, -86.86677, -89.49950, -89.41392, -89.72268, -88.97405, -89.98823, -87.32883, -90.13902, -90.00434, -88.73562, -89.71357, -89.95960, -90.13569, 4.0, 6.0, 55.2
-89.49153, -89.77858, -89.87158, -89.95537, -89.92541, -89.54375, -85.41420, -89.46117, -88.91213, -89.98569, -84.85327, -90.09254, -89.98820, -87.91146, -89.34239, -89.76774, -90.07829, 4.0, 6.0, 62.5
-86.79985, -90.04447, -89.79512, -89.75260, -82.98112, -89.28267, -88.32979, -89.42258, -87.10431, -89.99479, -88.53631, -90.10217, -89.99298, -88.72471, -89.96234, -89.91019, -90.04906, 4.0, 6.0, 57.3
-89.65757, -89.90581, -89.94995, -89.97945, -89.99097, -89.85816, -86.59623, -89.66145, -89.47748, -90.00371, -87.76158, -90.09447, -89.98425, -89.24946, -89.61931, -89.91724, -90.11958, 4.0, 6.0, 60.4
-88.13808, -89.62060, -89.78399, -89.87175, -86.70394, -89.02664, -82.71751, -88.96068, -87.91613, -89.98294, -88.38820, -90.08761, -89.98084, -89.33262, -88.56682, -89.68058, -89.91516, 4.0, 6.0, 50.1
-88.59248, -89.97847, -89.90992, -89.93441, -86.60609, -89.61082, -87.17989, -89.60576, -88.82308, -90.00415, -89.66844, -90.09064, -89.98274, -89.43441, -89.76954, -89.94442, -90.10369, 4.0, 6.0, 56.3
-86.75933, -89.94970, -89.75587, -89.75316, -82.74865, -88.79723, -86.95143, -89.51454, -87.26353, -89.98817, -89.20558, -90.14301, -89.98186, -88.66266, -89.66702, -89.83521, -90.02011, 4.0, 6.0, 48.0
