0 0 2 0 -41.8307164072 0.68837793995
0 0 5 0 -47.9872741333 0.221904792044
0 0 9 1 -48.3386002705 0.195807525394
0 0 7 1 -48.3242581744 0.234709420927
0 0 2 2 -45.8898096038 0.462876500755
0 0 0 1 -37.9445730926 1.05831648456
0 0 8 5 -48.3970975944 0.191801405766
0 0 8 3 -48.3988424686 0.192197392584
0 0 3 5 -48.1370776618 0.252316507858
0 0 5 3 -48.3570952667 0.169622303813
0 0 5 5 -48.3507591196 0.212935880102
0 0 1 4 -48.2297793 0.27211590048
0 0 7 7 -48.4285686008 0.203648592437
0 0 1 7 -48.3466424179 0.188826866263
0 0 1 9 -48.3186183439 0.196944295793
0 0 6 9 -48.45092147 0.208476576415
0 0 4 8 -48.349620784 0.204229602513
0 0 9 8 -48.3790644553 0.200402605612
0 1 2 0 -40.8090402179 0.466278792623
0 1 5 0 -47.0279242667 0.312454203344
0 1 9 1 -48.2317379886 0.228649578945
0 1 7 1 -48.1401886901 0.210325177207
0 1 2 2 -40.9049716085 0.616454008118
0 1 0 1 -28.3304783812 3.0
0 1 8 5 -48.3461749198 0.226943119505
0 1 8 3 -48.2769884543 0.210897259174
0 1 3 5 -47.1744327376 0.290371327338
0 1 5 3 -48.3794854667 0.246037941208
0 1 5 5 -48.3280013528 0.179023226767
0 1 1 4 -47.3182120667 0.328718388398
0 1 7 7 -48.4124384321 0.210501558892
0 1 1 7 -48.289195856 0.195178932438
0 1 1 9 -48.3229690365 0.21504345446
0 1 6 9 -48.4094798097 0.211405800765
0 1 4 8 -48.3723540917 0.1953557447
0 1 9 8 -48.3419419567 0.183496744759
0 2 2 0 -43.2940175134 0.419753513316
0 2 5 0 -46.8676341 0.262586669508
0 2 9 1 -48.3367826254 0.21664430922
0 2 7 1 -48.1139816135 0.219145748049
0 2 2 2 -44.1337740623 0.518587073673
0 2 0 1 -39.1477322559 0.907790473021
0 2 8 5 -48.3870892132 0.209483663704
0 2 8 3 -48.2723587105 0.205020983778
0 2 3 5 -46.9036943673 0.296885413893
0 2 5 3 -48.3947624333 0.217260831908
0 2 5 5 -48.2887712483 0.183341768089
0 2 1 4 -47.1377578 0.417103566711
0 2 7 7 -48.3922580631 0.213533637878
0 2 1 7 -48.2437960683 0.19763944769
0 2 1 9 -48.2883041702 0.181813421954
0 2 6 9 -48.43430931 0.20766370521
0 2 4 8 -48.3754744143 0.188462744403
0 2 9 8 -48.4071652544 0.156563641534
0 3 2 0 -47.0153727125 0.344737838897
0 3 5 0 -48.1505642 0.234440239336
0 3 9 1 -48.405347384 0.187051517072
0 3 7 1 -48.2441607173 0.191529360337
0 3 2 2 -42.7806891296 0.708806115851
0 3 0 1 -42.430555672 0.727484568722
0 3 8 5 -48.4477838174 0.199803527651
0 3 8 3 -48.3556892371 0.183953962554
0 3 3 5 -46.0516562538 0.324956098558
0 3 5 3 -48.4344688333 0.246747092945
0 3 5 5 -48.3566345399 0.231104433231
0 3 1 4 -35.150634 0.137950478679
0 3 7 7 -48.3825808548 0.201129411234
0 3 1 7 -48.2902832091 0.195810271192
0 3 1 9 -48.3066724058 0.230452347891
0 3 6 9 -48.4017888459 0.19882816095
0 3 4 8 -48.3132420633 0.224392358067
0 3 9 8 -48.3549579286 0.168810192918
0 4 2 0 -47.7406420636 0.277762298409
0 4 5 0 -48.3765268 0.192608430192
0 4 9 1 -48.3613689437 0.215205652387
0 4 7 1 -48.2353378882 0.234027411592
0 4 2 2 -46.5972326694 0.306395783748
0 4 0 1 -44.970213011 0.515598432018
0 4 8 5 -48.4439985709 0.226396016655
0 4 8 3 -48.2906231919 0.226243255006
0 4 3 5 -47.3709444946 0.343823505965
0 4 5 3 -48.3887343667 0.182169237678
0 4 5 5 -48.3434024082 0.206515123327
0 4 1 4 -33.8062174667 1.79778258962
0 4 7 7 -48.4111249715 0.223992484103
0 4 1 7 -48.3090446523 0.215375247999
0 4 1 9 -48.2974499578 0.217108157734
0 4 6 9 -48.3983837754 0.210425670131
0 4 4 8 -48.3243596421 0.213468479777
0 4 9 8 -48.3578962329 0.175241832269
0 5 2 0 -48.1838882245 0.211898762093
0 5 5 0 -48.3969534 0.196702255917
0 5 9 1 -48.4187826442 0.20435998514
0 5 7 1 -48.3337720345 0.197220954424
0 5 2 2 -47.8336789068 0.245418772988
0 5 0 1 -47.9943644623 0.23202466912
0 5 8 5 -48.4763853404 0.215584012553
0 5 8 3 -48.3512511273 0.20317095223
0 5 3 5 -46.0645443484 0.289980943544
0 5 5 3 -48.3281947 0.243238240594
0 5 5 5 -48.3240364763 0.231313618197
0 5 1 4 -40.8707342 0.68316728855
0 5 7 7 -48.420710187 0.212379617617
0 5 1 7 -46.3033137536 0.460344416044
0 5 1 9 -47.7996201943 0.244310514541
0 5 6 9 -48.3846927749 0.213851341646
0 5 4 8 -48.2790411018 0.212577521184
0 5 9 8 -48.3510272131 0.20021588061
0 6 2 0 -48.264471506 0.211323894731
0 6 5 0 -48.3072491667 0.192971715449
0 6 9 1 -48.3860105144 0.231814056322
0 6 7 1 -48.3093675258 0.21182728889
0 6 2 2 -48.1883449716 0.21088124482
0 6 0 1 -48.2398249842 0.210000576932
0 6 8 5 -48.4173067158 0.215766610065
0 6 8 3 -48.3259741076 0.217070812237
0 6 3 5 -46.7199805428 0.28295296909
0 6 5 3 -48.3582804667 0.18622498681
0 6 5 5 -48.3126887131 0.18448217908
0 6 1 4 -43.4355111 0.47264998518
0 6 7 7 -48.3775645193 0.206208747934
0 6 1 7 -43.3614160961 0.734274360835
0 6 1 9 -46.1487893393 0.351394980879
0 6 6 9 -48.3652942945 0.210063849732
0 6 4 8 -48.1222733283 0.207296013595
0 6 9 8 -48.3513190103 0.216314918106
0 7 2 0 -48.3114740147 0.214978598499
0 7 5 0 -48.3762977 0.174443369894
0 7 9 1 -48.390604791 0.171282311626
0 7 7 1 -48.3771672654 0.171784694943
0 7 2 2 -48.2741647696 0.202854671859
0 7 0 1 -48.3211032961 0.218069861192
0 7 8 5 -48.3772975129 0.208317271802
0 7 8 3 -48.3479708495 0.172456662443
0 7 3 5 -47.9375048228 0.264954145161
0 7 5 3 -48.3735795667 0.246124210284
0 7 5 5 -48.1699359812 0.212762768617
0 7 1 4 -48.1399178667 0.2384753148
0 7 7 7 -48.4115601811 0.179938468756
0 7 1 7 -37.0916886735 0.876710399041
0 7 1 9 -41.5352349689 0.697381753737
0 7 6 9 -48.3590002084 0.212298790411
0 7 4 8 -47.7045491812 0.283387985193
0 7 9 8 -48.3448129051 0.217837567968
0 8 2 0 -48.3210906395 0.218649750555
0 8 5 0 -48.3150707 0.185014374281
0 8 9 1 -48.3860936638 0.181718508983
0 8 7 1 -48.3323217334 0.176949361516
0 8 2 2 -48.3036607994 0.234395523387
0 8 0 1 -48.3363528065 0.212658008809
0 8 8 5 -48.3879890027 0.236401408975
0 8 8 3 -48.3386774316 0.192377335909
0 8 3 5 -48.1780509468 0.215490853382
0 8 5 3 -48.4026829 0.150748996395
0 8 5 5 -48.2582335798 0.20639781588
0 8 1 4 -48.4053587333 0.228552478926
0 8 7 7 -48.4175768906 0.238389078127
0 8 1 7 -41.2135199172 0.693857786266
0 8 1 9 -41.2135199172 0.693857786266
0 8 6 9 -48.3797784231 0.199522587091
0 8 4 8 -47.9647695172 0.205811846385
0 8 9 8 -48.3739093946 0.212020105318
0 9 2 0 -48.3239436801 0.194971470686
0 9 5 0 -48.3358428 0.245201403621
0 9 9 1 -48.3944538095 0.188051482121
0 9 7 1 -48.3509965344 0.218225248327
0 9 2 2 -48.3429689421 0.191014562723
0 9 0 1 -48.3699465085 0.188691399949
0 9 8 5 -48.4089528907 0.165009106615
0 9 8 3 -48.3712056159 0.167408064523
0 9 3 5 -48.2505879217 0.2145566783
0 9 5 3 -48.3619861 0.202948167921
0 9 5 5 -48.3650171362 0.212341891006
0 9 1 4 -48.3212086667 0.200386326806
0 9 7 7 -48.4304626608 0.208639493949
0 9 1 7 -43.2486476105 0.765512922032
0 9 1 9 -36.132764836 1.45508865722
0 9 6 9 -48.2889939568 0.176552951963
0 9 4 8 -47.9723220788 0.225454539342
0 9 9 8 -48.3537904978 0.173358247703
1 0 2 0 -42.9746711197 1.01209062273
1 0 5 0 -47.3346529 0.298983597626
1 0 9 1 -48.3113883005 0.250261893936
1 0 7 1 -48.1701048685 0.212356043678
1 0 2 2 -44.7934490143 0.742980399442
1 0 0 1 -45.3689566383 0.641629494142
1 0 8 5 -48.4003734434 0.240971473489
1 0 8 3 -48.3364540098 0.201711405317
1 0 3 5 -47.5555823264 0.272824676984
1 0 5 3 -48.2976228 0.158674820016
1 0 5 5 -48.3376842024 0.182681304638
1 0 1 4 -47.2119722 0.267022736132
1 0 7 7 -48.3738401041 0.204550632511
1 0 1 7 -48.2147351872 0.205622067962
1 0 1 9 -48.3818934622 0.232430691983
1 0 6 9 -48.3930234949 0.189153668771
1 0 4 8 -48.3800484111 0.220718160589
1 0 9 8 -48.3868129746 0.183503584063
1 1 2 0 -36.0903689134 0.577403863853
1 1 5 0 -45.5952782667 0.247769417449
1 1 9 1 -48.2155637891 0.20814655824
1 1 7 1 -48.0627903133 0.264418702765
1 1 2 2 -44.3890245759 0.584100069258
1 1 0 1 -36.8025514447 0.442254526182
1 1 8 5 -48.3872398232 0.170398756508
1 1 8 3 -48.3116572021 0.194894373301
1 1 3 5 -46.9707098222 0.265170447123
1 1 5 3 -48.4371117667 0.207031574149
1 1 5 5 -48.3146790506 0.199935990604
1 1 1 4 -45.0602977 0.350843544805
1 1 7 7 -48.4126190931 0.168304272978
1 1 1 7 -48.3289031876 0.214096441943
1 1 1 9 -48.3663061368 0.202249592147
1 1 6 9 -48.453409671 0.18378139538
1 1 4 8 -48.3637644796 0.174867984905
1 1 9 8 -48.3801924937 0.186874278563
1 2 2 0 -37.947323831 0.267536534051
1 2 5 0 -45.6389978333 0.257951355318
1 2 9 1 -48.24128569 0.225200344276
1 2 7 1 -47.7620027456 0.279947608999
1 2 2 2 -36.5245629287 0.723939815897
1 2 0 1 -37.8232045801 0.488055477426
1 2 8 5 -48.3653323107 0.234701338933
1 2 8 3 -48.1417839659 0.242141322053
1 2 3 5 -45.4257811732 0.271088976668
1 2 5 3 -48.4041685 0.198948337093
1 2 5 5 -48.3120060719 0.213088957047
1 2 1 4 -40.5172764667 0.197792608726
1 2 7 7 -48.3884372935 0.214116778494
1 2 1 7 -48.1298417353 0.190734887077
1 2 1 9 -48.2505029248 0.175536348757
1 2 6 9 -48.410839187 0.217914560408
1 2 4 8 -48.3456714246 0.17262228279
1 2 9 8 -48.363720855 0.169000094461
1 3 2 0 -47.0232627776 0.381576808887
1 3 5 0 -48.0028467333 0.327212918238
1 3 9 1 -48.3644733801 0.196302651833
1 3 7 1 -48.2127956357 0.222643185027
1 3 2 2 -40.7972158292 0.715944554037
1 3 0 1 -43.536671163 0.644456278697
1 3 8 5 -48.4245395419 0.204535402776
1 3 8 3 -48.2983886314 0.204457896098
1 3 3 5 -43.893297539 0.273598668561
1 3 5 3 -48.3168706333 0.210021152819
1 3 5 5 -48.326909085 0.226836355725
1 3 1 4 -34.6140118 0.404946791847
1 3 7 7 -48.4276373545 0.209065714824
1 3 1 7 -48.2961994861 0.21435596861
1 3 1 9 -48.3628915275 0.226189576274
1 3 6 9 -48.4689192289 0.204828175719
1 3 4 8 -48.3746986092 0.217811227637
1 3 9 8 -48.3463227679 0.174047869035
1 4 2 0 -47.6552930709 0.253018642706
1 4 5 0 -48.2305585333 0.226513031732
1 4 9 1 -48.3185862607 0.23770713111
1 4 7 1 -48.2112701218 0.252229550071
1 4 2 2 -46.09489189 0.240922362037
1 4 0 1 -46.9687633567 0.261117748759
1 4 8 5 -48.4001861072 0.19402165358
1 4 8 3 -48.2635176399 0.226095173921
1 4 3 5 -46.2631156894 0.867379740382
1 4 5 3 -48.4345365667 0.181384244467
1 4 5 5 -48.3078750359 0.20113468703
1 4 1 4 -22.8363221667 0.951813292258
1 4 7 7 -48.4040087121 0.17966043068
1 4 1 7 -48.1881503433 0.214415081693
1 4 1 9 -48.3199036887 0.207832705493
1 4 6 9 -48.3922906167 0.195976892256
1 4 4 8 -48.328713867 0.212365258048
1 4 9 8 -48.3163655525 0.218892111434
1 5 2 0 -48.1888910628 0.216060083796
1 5 5 0 -48.3047664333 0.204927877086
1 5 9 1 -48.3479560663 0.203004801923
1 5 7 1 -48.3070587963 0.206346944466
1 5 2 2 -47.9891905799 0.217519321984
1 5 0 1 -48.0124720905 0.243007863273
1 5 8 5 -48.4620017627 0.184212467699
1 5 8 3 -48.2969426668 0.212160470488
1 5 3 5 -45.8733976911 0.352558687275
1 5 5 3 -48.3313924 0.208295636076
1 5 5 5 -48.2523203538 0.223954870057
1 5 1 4 -39.2397279333 1.55372161407
1 5 7 7 -48.3714570092 0.200940339924
1 5 1 7 -47.2827212207 0.392664342003
1 5 1 9 -48.1533549718 0.256149306166
1 5 6 9 -48.4008133625 0.17833136252
1 5 4 8 -48.2640433513 0.224812954077
1 5 9 8 -48.4079295743 0.170505559509
1 6 2 0 -48.1669380538 0.21445627105
1 6 5 0 -48.2855220667 0.187359012191
1 6 9 1 -48.3992696149 0.171578277569
1 6 7 1 -48.3079657162 0.196465245465
1 6 2 2 -48.1084200142 0.235442039413
1 6 0 1 -48.0818368081 0.244465353353
1 6 8 5 -48.4350755578 0.181129076141
1 6 8 3 -48.3254238144 0.197393918831
1 6 3 5 -46.8142826016 0.385703680871
1 6 5 3 -48.3423502333 0.201961252542
1 6 5 5 -48.1512428398 0.233089280248
1 6 1 4 -45.7965315 0.489563634617
1 6 7 7 -48.3408166705 0.208530167807
1 6 1 7 -42.6594406791 1.58428163414
1 6 1 9 -46.9119803096 0.483045011266
1 6 6 9 -48.3731246935 0.187892915868
1 6 4 8 -48.0737818896 0.285012027328
1 6 9 8 -48.4033196171 0.163884435299
1 7 2 0 -48.2609821445 0.197236857024
1 7 5 0 -48.3921096667 0.180828793038
1 7 9 1 -48.4125718556 0.215910350273
1 7 7 1 -48.3726230516 0.205486627646
1 7 2 2 -48.272195026 0.224084263346
1 7 0 1 -48.3480945705 0.20184739232
1 7 8 5 -48.4324180138 0.215060871779
1 7 8 3 -48.3209454588 0.236665982093
1 7 3 5 -47.4629974199 0.216085764917
1 7 5 3 -48.4358740333 0.22070597825
1 7 5 5 -47.8478521059 0.207281694482
1 7 1 4 -48.0023758333 0.227298022459
1 7 7 7 -48.3497641265 0.195742750593
1 7 1 7 -28.3304783812 3.0
1 7 1 9 -43.5738532139 0.511871157536
1 7 6 9 -48.3839665625 0.200203381981
1 7 4 8 -46.5579068419 0.214876692361
1 7 9 8 -48.4085475039 0.22274312696
1 8 2 0 -48.2202221782 0.215051955679
1 8 5 0 -48.4032992333 0.186198233892
1 8 9 1 -48.3976862802 0.229012660182
1 8 7 1 -48.386494272 0.186822646659
1 8 2 2 -48.3313602467 0.227894635269
1 8 0 1 -48.4153934517 0.227055026923
1 8 8 5 -48.4243606669 0.213406099887
1 8 8 3 -48.3357408912 0.174740549795
1 8 3 5 -48.0702942656 0.210036432243
1 8 5 3 -48.3942103 0.168866562024
1 8 5 5 -48.332684932 0.180626744919
1 8 1 4 -48.1029500333 0.252638134449
1 8 7 7 -48.4300873908 0.1888318049
1 8 1 7 -38.6965860396 0.543429226456
1 8 1 9 -38.9894267864 0.789510780173
1 8 6 9 -48.3212107473 0.1841931795
1 8 4 8 -47.759443112 0.253285728387
1 8 9 8 -48.3794804388 0.182538131485
1 9 2 0 -48.3281847272 0.19918680047
1 9 5 0 -48.4397649333 0.200744075996
1 9 9 1 -48.4599408778 0.200200323273
1 9 7 1 -48.4282628783 0.205012446159
1 9 2 2 -48.3369737121 0.205117382944
1 9 0 1 -48.371878355 0.18473692529
1 9 8 5 -48.3810070438 0.18905686612
1 9 8 3 -48.3509895896 0.219426815991
1 9 3 5 -48.356540814 0.217410194791
1 9 5 3 -48.3417273667 0.256312586254
1 9 5 5 -48.4122186336 0.229465741562
1 9 1 4 -48.3426929333 0.189897828436
1 9 7 7 -48.4428720203 0.21234356667
1 9 1 7 -42.9314792364 1.20978099065
1 9 1 9 -28.3304783812 3.0
1 9 6 9 -48.1209242301 0.228126538063
1 9 4 8 -47.3213492296 0.332638207025
1 9 9 8 -48.2990705398 0.194337923914
2 0 2 0 -28.3304783812 3.0
2 0 5 0 -44.2092040333 0.334395163458
2 0 9 1 -48.0586469862 0.227222677459
2 0 7 1 -47.7862788625 0.238420155087
2 0 2 2 -43.9701487216 0.831209478631
2 0 0 1 -44.822474738 0.484736697651
2 0 8 5 -48.3573629758 0.182592841759
2 0 8 3 -48.3711075879 0.139088551272
2 0 3 5 -46.5886132723 0.36866677964
2 0 5 3 -48.3512387 0.224331751457
2 0 5 5 -48.3155918693 0.167898265697
2 0 1 4 -47.6057596 0.303398107867
2 0 7 7 -48.4089856161 0.200101036624
2 0 1 7 -48.2934597209 0.195328062579
2 0 1 9 -48.3404118778 0.209288037161
2 0 6 9 -48.4129265771 0.201450870776
2 0 4 8 -48.3702422075 0.198965651472
2 0 9 8 -48.3841278211 0.196169028646
2 1 2 0 -37.9440434755 0.479977828864
2 1 5 0 -41.8606885333 0.23736042951
2 1 9 1 -47.9435613452 0.215747619477
2 1 7 1 -47.5534481355 0.241423973659
2 1 2 2 -38.6586119336 0.735558634611
2 1 0 1 -45.6404038856 0.384098570726
2 1 8 5 -48.421930623 0.187329475393
2 1 8 3 -48.2669607722 0.196805578752
2 1 3 5 -46.9142189944 0.324045002813
2 1 5 3 -48.3903343667 0.195915941236
2 1 5 5 -48.3279582079 0.186243956946
2 1 1 4 -46.5070795667 0.31000248496
2 1 7 7 -48.4216938208 0.213320245082
2 1 1 7 -48.1382822329 0.182931985536
2 1 1 9 -48.2987933753 0.204136063983
2 1 6 9 -48.4522309807 0.203781869518
2 1 4 8 -48.3708343355 0.215056242783
2 1 9 8 -48.3814376185 0.207997381771
2 2 2 0 -38.235106158 0.365066305868
2 2 5 0 -43.534548 0.229150528775
2 2 9 1 -48.1858283888 0.234312468164
2 2 7 1 -47.5116687969 0.316460609023
2 2 2 2 -28.3304783812 3.0
2 2 0 1 -40.9015953128 0.286745655109
2 2 8 5 -48.3909460261 0.216995314109
2 2 8 3 -48.1438663137 0.238005781399
2 2 3 5 -47.6484129333 0.312397905857
2 2 5 3 -48.4036095667 0.209929974745
2 2 5 5 -48.3250884796 0.188058089741
2 2 1 4 -47.3934291667 0.42245894181
2 2 7 7 -48.3818013354 0.220276445191
2 2 1 7 -47.9049254057 0.276484761469
2 2 1 9 -48.3213858285 0.199515795368
2 2 6 9 -48.4300700791 0.222926718559
2 2 4 8 -48.3591265424 0.194420824563
2 2 9 8 -48.3894061771 0.182646633325
2 3 2 0 -46.5736640906 0.286769879539
2 3 5 0 -47.9929760333 0.26786139123
2 3 9 1 -48.3152317449 0.178434935864
2 3 7 1 -47.8967993897 0.195653874587
2 3 2 2 -39.7095784748 0.8854626668
2 3 0 1 -46.1314452957 0.34850857913
2 3 8 5 -48.3731066076 0.208034859306
2 3 8 3 -48.1153025221 0.2045694135
2 3 3 5 -45.5539673278 0.610181727588
2 3 5 3 -48.3053148 0.237348383873
2 3 5 5 -48.2559200488 0.240996660417
2 3 1 4 -42.4442368333 0.252211813868
2 3 7 7 -48.3564743177 0.233372725987
2 3 1 7 -47.8868689779 0.406183422783
2 3 1 9 -48.3420404562 0.189706585469
2 3 6 9 -48.3840607621 0.230154332937
2 3 4 8 -48.3756891116 0.206071506073
2 3 9 8 -48.344044411 0.255448092957
2 4 2 0 -47.3438638897 0.711448402156
2 4 5 0 -48.21724205 0.21455253548
2 4 9 1 -48.3150467872 0.228599472419
2 4 7 1 -48.1221076925 0.282288601281
2 4 2 2 -44.6527211338 1.42763417227
2 4 0 1 -46.5885775538 1.11762627159
2 4 8 5 -48.415926247 0.191233670483
2 4 8 3 -48.2285045886 0.26243735151
2 4 3 5 -42.8857987581 2.20248537247
2 4 5 3 -48.36932155 0.185483218275
2 4 5 5 -48.3162716734 0.226363964118
2 4 1 4 -38.43903305 5.75182448825
2 4 7 7 -48.4127138642 0.212390123269
2 4 1 7 -48.046513511 0.365062305484
2 4 1 9 -48.266114955 0.222095373136
2 4 6 9 -48.4000070603 0.193828851797
2 4 4 8 -48.3472696561 0.227148248022
2 4 9 8 -48.3559793727 0.195929546464
2 5 2 0 -48.0568564488 0.221632760433
2 5 5 0 -48.322643 0.272568433984
2 5 9 1 -48.3788379395 0.190095463265
2 5 7 1 -48.2895765879 0.251596671605
2 5 2 2 -47.9494309925 0.323823464377
2 5 0 1 -47.8250618459 0.371496257951
2 5 8 5 -48.3528870691 0.280666566881
2 5 8 3 -48.2090696896 0.218380346971
2 5 3 5 -44.7819378856 0.759596982926
2 5 5 3 -48.3996740667 0.168515527835
2 5 5 5 -47.9057858465 0.230956869574
2 5 1 4 -45.2077697667 0.685809024111
2 5 7 7 -48.2687855403 0.290421369024
2 5 1 7 -44.2562929359 0.763953925016
2 5 1 9 -47.8305278911 0.311115812551
2 5 6 9 -48.330347779 0.268350404758
2 5 4 8 -48.0978528861 0.215521311443
2 5 9 8 -48.2920316667 0.227702498443
2 6 2 0 -48.2239584388 0.194185321819
2 6 5 0 -48.3724213 0.203229469614
2 6 9 1 -48.4257853665 0.173024619229
2 6 7 1 -48.3677372308 0.205111360608
2 6 2 2 -48.2154509417 0.218619056544
2 6 0 1 -48.215500793 0.209094464642
2 6 8 5 -48.2970221004 0.217021711997
2 6 8 3 -48.2874546821 0.217285365649
2 6 3 5 -45.0016755997 0.633056659324
2 6 5 3 -48.3415146667 0.253654481307
2 6 5 5 -47.574675969 0.307625297373
2 6 1 4 -47.8078187333 0.275833673303
2 6 7 7 -48.0301434881 0.25033838126
2 6 1 7 -39.3763855841 0.587992208694
2 6 1 9 -47.580965056 0.246979095526
2 6 6 9 -48.2209333794 0.231453320974
2 6 4 8 -47.5778716004 0.263715385815
2 6 9 8 -48.3361129226 0.22203499574
2 7 2 0 -48.277423927 0.177828653805
2 7 5 0 -48.3546946667 0.222511214446
2 7 9 1 -48.3657504478 0.212837987419
2 7 7 1 -48.3481810367 0.214720048849
2 7 2 2 -48.2500813658 0.210960968628
2 7 0 1 -48.3347803151 0.181931464502
2 7 8 5 -48.4025020356 0.225543644739
2 7 8 3 -48.3266992468 0.20052981181
2 7 3 5 -45.1978811833 0.207276804821
2 7 5 3 -48.4452637333 0.201230284239
2 7 5 5 -47.0469489668 0.230416458761
2 7 1 4 -47.7948499667 0.252073516214
2 7 7 7 -48.2675853352 0.250577209856
2 7 1 7 -42.6375147751 0.375613136562
2 7 1 9 -44.599788181 0.339094753048
2 7 6 9 -48.2854893713 0.204920196698
2 7 4 8 -44.8419458333 0.189566435603
2 7 9 8 -48.3504073818 0.201135581823
2 8 2 0 -48.2982412925 0.237497790242
2 8 5 0 -48.4554722 0.223358236682
2 8 9 1 -48.3841195096 0.216659398217
2 8 7 1 -48.4440552931 0.222083273834
2 8 2 2 -48.3042285973 0.154919249827
2 8 0 1 -48.3860878552 0.179570058379
2 8 8 5 -48.3251439185 0.217019624627
2 8 8 3 -48.3410753738 0.215949136359
2 8 3 5 -47.8120937921 0.226354889209
2 8 5 3 -48.3793979333 0.199138471656
2 8 5 5 -48.2732698947 0.181075661652
2 8 1 4 -48.2963098667 0.244475647245
2 8 7 7 -48.4494372308 0.165774955028
2 8 1 7 -38.8592288528 0.491638189885
2 8 1 9 -41.6174267634 0.444023782767
2 8 6 9 -48.209745102 0.216259542718
2 8 4 8 -43.3997231413 0.474525774253
2 8 9 8 -48.2858376841 0.211530108806
2 9 2 0 -48.3237526935 0.206458551085
2 9 5 0 -48.3081899667 0.169414088443
2 9 9 1 -48.3424138985 0.182310857633
2 9 7 1 -48.3109122573 0.172759049982
2 9 2 2 -48.2941176327 0.219722294047
2 9 0 1 -48.3489293293 0.244938652863
2 9 8 5 -48.3426473155 0.200533709407
2 9 8 3 -48.3550371463 0.207385156318
2 9 3 5 -48.1612819222 0.211933849708
2 9 5 3 -48.4129950667 0.213678674111
2 9 5 5 -48.3672407632 0.18815835643
2 9 1 4 -48.2118239667 0.261986262294
2 9 7 7 -48.2923103196 0.197500740336
2 9 1 7 -44.1987867089 0.355911540745
2 9 1 9 -39.9520247952 0.795190028716
2 9 6 9 -47.6813303905 0.234056778429
2 9 4 8 -46.0964374268 0.268434844287
2 9 9 8 -48.1998324443 0.209349593379
3 0 2 0 -38.3115233497 0.709859269671
3 0 5 0 -42.9602014333 0.61489344308
3 0 9 1 -47.874572968 0.242111804518
3 0 7 1 -47.5326134642 0.265177324206
3 0 2 2 -43.3833378893 0.315330759272
3 0 0 1 -46.3692824361 0.236478551247
3 0 8 5 -48.3647652462 0.221621023847
3 0 8 3 -48.3831026189 0.219259799366
3 0 3 5 -47.2850462197 0.22585779212
3 0 5 3 -48.3758612 0.173497501175
3 0 5 5 -48.3873358508 0.195323892415
3 0 1 4 -48.2997921 0.20817400698
3 0 7 7 -48.3916801296 0.255610581876
3 0 1 7 -48.2641081396 0.147252944031
3 0 1 9 -48.3718132519 0.191300814
3 0 6 9 -48.3760436134 0.216242597001
3 0 4 8 -48.3505241213 0.260290789354
3 0 9 8 -48.3253948692 0.210110639436
3 1 2 0 -42.4931432404 0.731747384355
3 1 5 0 -37.0635796333 0.46184996533
3 1 9 1 -47.5733361642 0.224575462195
3 1 7 1 -46.8595845512 0.245663900238
3 1 2 2 -42.4931432404 0.731747384355
3 1 0 1 -46.2238476734 0.361646777465
3 1 8 5 -48.3382143546 0.194219934121
3 1 8 3 -48.1798425521 0.191738965955
3 1 3 5 -46.9029509638 0.222515938335
3 1 5 3 -48.4176064 0.184710947501
3 1 5 5 -48.2991029073 0.183185393122
3 1 1 4 -48.3661527667 0.177698575806
3 1 7 7 -48.401457073 0.194818207001
3 1 1 7 -48.228282466 0.222592174257
3 1 1 9 -48.2827517359 0.203477887188
3 1 6 9 -48.3700720542 0.220287308659
3 1 4 8 -48.3660651724 0.192321619032
3 1 9 8 -48.3580893202 0.228536623051
3 2 2 0 -42.0299875941 0.871010408741
3 2 5 0 -43.7485036667 0.478535608602
3 2 9 1 -47.8904729395 0.221278335905
3 2 7 1 -46.3317218765 0.328165418078
3 2 2 2 -34.5750946961 1.0134782555
3 2 0 1 -45.6095943761 0.450882480448
3 2 8 5 -48.3464364116 0.207978225958
3 2 8 3 -47.7396240817 0.253715636742
3 2 3 5 -46.9936627177 0.229382714828
3 2 5 3 -48.2715961 0.189768282014
3 2 5 5 -48.200760908 0.243828202369
3 2 1 4 -47.8819803667 0.228056833713
3 2 7 7 -48.3694021149 0.251431822779
3 2 1 7 -48.1321732374 0.221965697377
3 2 1 9 -48.3147389841 0.217246819156
3 2 6 9 -48.4354236551 0.210545623468
3 2 4 8 -48.3399504946 0.253288233146
3 2 9 8 -48.4300630298 0.183101917931
3 3 2 0 -46.1690230507 0.28905615431
3 3 5 0 -47.1765876667 0.589656573429
3 3 9 1 -48.1675489719 0.259117232833
3 3 7 1 -47.248600221 0.47378573233
3 3 2 2 -42.2501865138 0.850807008372
3 3 0 1 -46.571413979 0.306471182723
3 3 8 5 -48.2186221873 0.229920044707
3 3 8 3 -47.6447589505 0.35186233396
3 3 3 5 -43.9539824192 0.643118944105
3 3 5 3 -45.5308845 0.891932137671
3 3 5 5 -47.5669730793 0.360137190946
3 3 1 4 -47.5175311333 0.395925313738
3 3 7 7 -48.2815929381 0.211052133511
3 3 1 7 -48.2976149189 0.218052431258
3 3 1 9 -48.3483460035 0.194340668479
3 3 6 9 -48.3414855611 0.196638793014
3 3 4 8 -48.3486112183 0.203941317607
3 3 9 8 -48.3308975362 0.204312774574
3 4 2 0 -47.6843389826 0.263372028098
3 4 5 0 -47.6917848 0.393224662281
3 4 9 1 -48.1805708079 0.329425046026
3 4 7 1 -47.4198377277 0.363527501365
3 4 2 2 -47.4151299645 0.260316774174
3 4 0 1 -47.8531338135 0.242584106987
3 4 8 5 -48.2932931648 0.229134382208
3 4 8 3 -47.5258559744 0.275235360946
3 4 3 5 -42.5702861689 0.681838837715
3 4 5 3 -46.3300543333 0.344331780864
3 4 5 5 -47.0785891238 0.292490327532
3 4 1 4 -43.4238018 0.487359170297
3 4 7 7 -48.2991093137 0.223711353732
3 4 1 7 -48.3231122863 0.221756395653
3 4 1 9 -48.2883283104 0.248439385847
3 4 6 9 -48.3587775306 0.21926622404
3 4 4 8 -48.3317463772 0.238800836713
3 4 9 8 -48.3390821324 0.210712365304
3 5 2 0 -48.2672741594 0.233849374601
3 5 5 0 -48.2834345667 0.234528322247
3 5 9 1 -48.3798119301 0.177619212987
3 5 7 1 -48.2799352107 0.215690319425
3 5 2 2 -48.3127175585 0.223578418717
3 5 0 1 -48.267274777 0.230670959647
3 5 8 5 -48.2841252426 0.216481549362
3 5 8 3 -48.1908306581 0.190344453944
3 5 3 5 -28.3304783812 3.0
3 5 5 3 -48.4229930667 0.202962779737
3 5 5 5 -43.9593151261 0.528230161463
3 5 1 4 -44.9421551 0.6070106115
3 5 7 7 -48.1217897338 0.235230745312
3 5 1 7 -45.9415733655 0.598802319321
3 5 1 9 -48.007477297 0.241770410205
3 5 6 9 -48.3719006422 0.227658154911
3 5 4 8 -47.7130249247 0.247628447794
3 5 9 8 -48.348964939 0.239920101962
3 6 2 0 -48.294367239 0.194689797942
3 6 5 0 -48.3033592 0.154441949548
3 6 9 1 -48.3729169661 0.202228247536
3 6 7 1 -48.3096941792 0.163525105049
3 6 2 2 -48.2779441446 0.209359696687
3 6 0 1 -48.2872816843 0.201018956577
3 6 8 5 -48.1791116971 0.193877496576
3 6 8 3 -48.2856006941 0.215518859338
3 6 3 5 -41.9216262926 0.795679963817
3 6 5 3 -48.3682891667 0.178271113549
3 6 5 5 -46.5731094548 0.263562333072
3 6 1 4 -47.5452144 0.381172821553
3 6 7 7 -47.6244600946 0.229098062835
3 6 1 7 -43.4389524223 0.622665553304
3 6 1 9 -47.3424211428 0.288170615487
3 6 6 9 -48.1237026621 0.215238121909
3 6 4 8 -46.5719479758 0.32914895923
3 6 9 8 -48.2324262347 0.195912768579
3 7 2 0 -48.3145608637 0.224557845712
3 7 5 0 -48.3562874 0.197709742119
3 7 9 1 -48.3923996831 0.189153005682
3 7 7 1 -48.3563309336 0.196004127339
3 7 2 2 -48.3253111177 0.200667330391
3 7 0 1 -48.3297411004 0.211388171137
3 7 8 5 -48.2986631599 0.220184547588
3 7 8 3 -48.3280451347 0.19476706325
3 7 3 5 -42.9271157904 0.50277536745
3 7 5 3 -48.3735127 0.199791182713
3 7 5 5 -47.167273928 0.229243221876
3 7 1 4 -48.14948 0.27294851346
3 7 7 7 -48.1590307709 0.230130952872
3 7 1 7 -42.8177521417 0.643691279044
3 7 1 9 -45.8818446522 0.33838288143
3 7 6 9 -47.8317365613 0.232448491773
3 7 4 8 -42.4934609783 0.602882333889
3 7 9 8 -48.1985828129 0.205070915437
3 8 2 0 -48.3354613566 0.198056825178
3 8 5 0 -48.3730864 0.187226462621
3 8 9 1 -48.3955882472 0.192200728931
3 8 7 1 -48.3738540597 0.18736179668
3 8 2 2 -48.3101156256 0.186100981343
3 8 0 1 -48.3253182129 0.190267923411
3 8 8 5 -48.0929844598 0.241405971269
3 8 8 3 -48.3446783178 0.170764087909
3 8 3 5 -46.6699699919 0.203475982139
3 8 5 3 -48.3679489333 0.197907371194
3 8 5 5 -47.5341447538 0.199917585516
3 8 1 4 -48.3988802667 0.176202025089
3 8 7 7 -48.2195849634 0.201190723146
3 8 1 7 -44.5903019565 0.497704150697
3 8 1 9 -43.3473840523 0.472566175902
3 8 6 9 -47.3175338741 0.304473913872
3 8 4 8 -35.3240126259 1.27353060882
3 8 9 8 -47.9117959223 0.264644883298
3 9 2 0 -48.2763487432 0.183872601433
3 9 5 0 -48.3804985333 0.135244696047
3 9 9 1 -48.3913826209 0.211150388312
3 9 7 1 -48.3724480746 0.171182027515
3 9 2 2 -48.3367005736 0.181862537099
3 9 0 1 -48.3394124188 0.180699448241
3 9 8 5 -48.275229924 0.231253642269
3 9 8 3 -48.321790963 0.245143573768
3 9 3 5 -47.1475177456 0.284874273142
3 9 5 3 -48.3124069667 0.244544874622
3 9 5 5 -47.8160998405 0.204381440373
3 9 1 4 -48.3742837667 0.184283488922
3 9 7 7 -47.9956962123 0.204527253059
3 9 1 7 -46.9726689897 0.445635208747
3 9 1 9 -46.3530973892 0.524553532672
3 9 6 9 -46.5028304068 0.262381705097
3 9 4 8 -44.1790400804 0.897040436867
3 9 9 8 -47.933936341 0.247295415083
4 0 2 0 -45.7035873535 0.555849037307
4 0 5 0 -40.5266575333 0.591391772089
4 0 9 1 -47.6086837655 0.291151177541
4 0 7 1 -47.0601238069 0.311314307375
4 0 2 2 -46.8845313655 0.328574606419
4 0 0 1 -47.8838190289 0.223141564645
4 0 8 5 -48.4022263054 0.208721898544
4 0 8 3 -48.389102446 0.200456960521
4 0 3 5 -48.3311580313 0.190929883966
4 0 5 3 -48.3343143 0.213725654099
4 0 5 5 -48.3981828833 0.197843108905
4 0 1 4 -48.3640550667 0.177377580075
4 0 7 7 -48.3790139719 0.201628809821
4 0 1 7 -48.3532915972 0.234857079262
4 0 1 9 -48.3391071216 0.231508664556
4 0 6 9 -48.3372230534 0.210296330633
4 0 4 8 -48.330254804 0.241788237865
4 0 9 8 -48.3268511956 0.212237477003
4 1 2 0 -41.6337799552 0.498859591395
4 1 5 0 -35.6163457667 0.881939922003
4 1 9 1 -46.9108017693 0.240655512971
4 1 7 1 -45.8690823832 0.403335905352
4 1 2 2 -44.4491576988 0.216571406157
4 1 0 1 -47.4636477741 0.208448629894
4 1 8 5 -48.3518500555 0.182763873133
4 1 8 3 -47.9501608582 0.239091106258
4 1 3 5 -48.0326925469 0.266181143869
4 1 5 3 -46.3873152333 0.243801880439
4 1 5 5 -48.0614122046 0.207039841404
4 1 1 4 -48.2705333 0.217579066579
4 1 7 7 -48.3556220209 0.203462952015
4 1 1 7 -48.3407277688 0.212268501558
4 1 1 9 -48.3391601554 0.205096538803
4 1 6 9 -48.3877591181 0.216905534721
4 1 4 8 -48.2837930621 0.223864227777
4 1 9 8 -48.3880275541 0.226941235735
4 2 2 0 -47.4212900192 0.328876735946
4 2 5 0 -42.1636372667 0.376553908245
4 2 9 1 -47.1851572219 0.23166677884
4 2 7 1 -44.1617663727 0.199092483653
4 2 2 2 -44.8407680581 0.853070319526
4 2 0 1 -47.7422410698 0.238867781132
4 2 8 5 -48.3205314464 0.220066246645
4 2 8 3 -47.3437160196 0.202948728006
4 2 3 5 -48.0083552743 0.263675483576
4 2 5 3 -45.0793833 0.592539857106
4 2 5 5 -47.714969581 0.257250035453
4 2 1 4 -48.1950095333 0.25719176653
4 2 7 7 -48.3849158633 0.199057182268
4 2 1 7 -48.3416149901 0.199919776647
4 2 1 9 -48.3590783047 0.225637772567
4 2 6 9 -48.3779702147 0.198077026932
4 2 4 8 -48.3761142272 0.200919093364
4 2 9 8 -48.3551363456 0.196416902229
4 3 2 0 -47.0458514585 0.305206211719
4 3 5 0 -45.2738039667 0.473230968414
4 3 9 1 -48.1004814591 0.198934096091
4 3 7 1 -45.5669890473 0.334216975248
4 3 2 2 -45.8874967586 0.393061618391
4 3 0 1 -47.3109527864 0.28637747679
4 3 8 5 -47.9555197575 0.207899070751
4 3 8 3 -46.3501197424 0.231834782095
4 3 3 5 -45.4986022819 0.224623574645
4 3 5 3 -42.5231094667 0.308014095147
4 3 5 5 -46.251890686 0.254355070791
4 3 1 4 -48.0228075 0.260532205278
4 3 7 7 -48.319111214 0.188644219514
4 3 1 7 -48.3171587291 0.189394012158
4 3 1 9 -48.3243300222 0.179005620424
4 3 6 9 -48.3540293357 0.210770098946
4 3 4 8 -48.3837898859 0.18090535835
4 3 9 8 -48.3126583378 0.227873430954
4 4 2 0 -47.9524233984 0.330601299393
4 4 5 0 -47.8214061667 0.184882199568
4 4 9 1 -48.2292976393 0.253701977582
4 4 7 1 -47.65857221 0.289482915552
4 4 2 2 -47.8492243687 0.355204120307
4 4 0 1 -48.020740811 0.326019113067
4 4 8 5 -47.8985037267 0.264649892329
4 4 8 3 -46.9553587485 0.607710405357
4 4 3 5 -43.5765345953 0.67725617762
4 4 5 3 -44.4461355 0.296407251399
4 4 5 5 -44.3278191171 0.697232731278
4 4 1 4 -46.8115245 0.386625200788
4 4 7 7 -48.2574192228 0.247592626017
4 4 1 7 -48.1448513558 0.248452692917
4 4 1 9 -48.2477394839 0.22171629114
4 4 6 9 -48.2955784692 0.245870532722
4 4 4 8 -48.3100879076 0.235825090022
4 4 9 8 -48.2986741366 0.231141040772
4 5 2 0 -48.1885769016 0.233109261595
4 5 5 0 -48.2929145667 0.257458083671
4 5 9 1 -48.3229920588 0.241383927822
4 5 7 1 -48.2878363046 0.253659553906
4 5 2 2 -48.1334986552 0.252126305369
4 5 0 1 -48.2310084868 0.232357057398
4 5 8 5 -48.1303323215 0.233135919434
4 5 8 3 -48.1474076566 0.227013715173
4 5 3 5 -41.6788113934 0.869127849772
4 5 5 3 -48.2784468 0.215089950102
4 5 5 5 -42.4203387497 0.925523533042
4 5 1 4 -46.4529723 0.499942963165
4 5 7 7 -48.117816512 0.233735278246
4 5 1 7 -47.8947149288 0.230619586577
4 5 1 9 -48.179279771 0.220418205804
4 5 6 9 -48.3303839776 0.216243752506
4 5 4 8 -48.1742426054 0.216875745485
4 5 9 8 -48.3032571352 0.243940124271
4 6 2 0 -48.2360476122 0.24538546888
4 6 5 0 -48.3650862333 0.176847878858
4 6 9 1 -48.3301377893 0.185572441488
4 6 7 1 -48.324638079 0.189734053185
4 6 2 2 -48.2408837432 0.220802231878
4 6 0 1 -48.2360094347 0.247937965883
4 6 8 5 -47.8459254833 0.247922560595
4 6 8 3 -48.122319902 0.240742598681
4 6 3 5 -44.050810884 0.325037039077
4 6 5 3 -48.3700355333 0.238122172818
4 6 5 5 -43.1609528333 0.536694239874
4 6 1 4 -48.1053279667 0.245743844252
4 6 7 7 -47.1571102823 0.367270204999
4 6 1 7 -47.81222135 0.279802744487
4 6 1 9 -48.1285339946 0.257809112538
4 6 6 9 -48.2924539011 0.181228381426
4 6 4 8 -47.3838754423 0.225217849308
4 6 9 8 -48.2101337748 0.191756231114
4 7 2 0 -48.3085933415 0.191842842507
4 7 5 0 -48.3256139667 0.206643770664
4 7 9 1 -48.3875312712 0.147262108695
4 7 7 1 -48.321896862 0.189167754424
4 7 2 2 -48.2873514373 0.197492840589
4 7 0 1 -48.3047774679 0.193072446643
4 7 8 5 -48.046750635 0.245584901173
4 7 8 3 -48.2869552698 0.193684579072
4 7 3 5 -45.7570680186 0.270886000472
4 7 5 3 -48.4078163333 0.182411809068
4 7 5 5 -46.3551653626 0.250654233942
4 7 1 4 -48.3542487667 0.237030729487
4 7 7 7 -48.1290891323 0.277811747513
4 7 1 7 -46.7279245024 0.362723386174
4 7 1 9 -47.3916406599 0.316247788665
4 7 6 9 -45.4605784945 0.762543084683
4 7 4 8 -43.6473242586 1.14609495308
4 7 9 8 -47.9783891141 0.271215050228
4 8 2 0 -48.3001871508 0.218909141737
4 8 5 0 -48.397986 0.258244078958
4 8 9 1 -48.3090463163 0.236525936495
4 8 7 1 -48.3569683716 0.239156477623
4 8 2 2 -48.3071468534 0.214770049972
4 8 0 1 -48.3002680807 0.216855112126
4 8 8 5 -47.7692681197 0.2398651516
4 8 8 3 -48.2873909704 0.187717079924
4 8 3 5 -47.5523031719 0.268679048376
4 8 5 3 -48.4188718 0.208492909947
4 8 5 5 -47.8966470406 0.225954932429
4 8 1 4 -48.3138442667 0.203668402265
4 8 7 7 -47.3557971137 0.233730208007
4 8 1 7 -46.8194264711 0.356636309491
4 8 1 9 -46.8194264711 0.356636309491
4 8 6 9 -42.5949898704 0.586841537269
4 8 4 8 -28.3304783812 3.0
4 8 9 8 -47.2632531107 0.262601834662
4 9 2 0 -48.3031963903 0.207555513432
4 9 5 0 -48.3287361 0.213499985495
4 9 9 1 -48.3723037488 0.212450048585
4 9 7 1 -48.3358838349 0.208962599836
4 9 2 2 -48.2929457333 0.190717533212
4 9 0 1 -48.2987759598 0.20029440601
4 9 8 5 -48.1885817237 0.230020975584
4 9 8 3 -48.3685722951 0.210596890384
4 9 3 5 -47.8796380382 0.21193557469
4 9 5 3 -48.4181412667 0.207848371331
4 9 5 5 -48.1662751694 0.238543646682
4 9 1 4 -48.3582641667 0.19534989125
4 9 7 7 -47.4450724994 0.346917043679
4 9 1 7 -47.2458041335 0.255450821681
4 9 1 9 -46.9593550798 0.309546609553
4 9 6 9 -42.4159284281 1.12872874617
4 9 4 8 -39.6317053421 0.82825037657
4 9 9 8 -47.506871908 0.275638733142
5 0 2 0 -47.7012896731 0.246635775075
5 0 5 0 -23.1961245667 2.15384367428
5 0 9 1 -46.4881994458 0.270615124686
5 0 7 1 -44.644307491 0.398636727655
5 0 2 2 -47.436600725 0.257983497931
5 0 0 1 -48.0325056625 0.216644627918
5 0 8 5 -48.3137534985 0.224823667858
5 0 8 3 -48.2214983768 0.243366889364
5 0 3 5 -48.1653831345 0.277148007285
5 0 5 3 -48.292123 0.234759133873
5 0 5 5 -48.3587375442 0.231320225491
5 0 1 4 -48.4099603667 0.256466428069
5 0 7 7 -48.4405183018 0.1867592924
5 0 1 7 -48.3198615016 0.224624408414
5 0 1 9 -48.3297385171 0.211271965676
5 0 6 9 -48.380123338 0.171695230475
5 0 4 8 -48.39329608 0.182278256665
5 0 9 8 -48.3864147385 0.172980935255
5 1 2 0 -46.3603536936 0.231349240117
5 1 5 0 -29.9046361333 0.820740174178
5 1 9 1 -45.0037302992 0.239583713945
5 1 7 1 -43.177398615 0.401806566051
5 1 2 2 -46.3603536936 0.231349240117
5 1 0 1 -47.9731889636 0.21426846739
5 1 8 5 -48.3467996892 0.194492652823
5 1 8 3 -47.6663233918 0.209635804752
5 1 3 5 -48.2238138662 0.254107754973
5 1 5 3 -44.3811335333 0.249259634332
5 1 5 5 -48.1853395869 0.202247089943
5 1 1 4 -48.3055456333 0.248929217231
5 1 7 7 -48.4358877156 0.18793401223
5 1 1 7 -48.3172736063 0.224832303949
5 1 1 9 -48.3350162661 0.213777746588
5 1 6 9 -48.3778647154 0.212519531908
5 1 4 8 -48.4087391019 0.171446074558
5 1 9 8 -48.3778647154 0.212519531908
5 2 2 0 -47.6550482707 0.237215531961
5 2 5 0 -41.6939488 0.841922380938
5 2 9 1 -46.0482844232 0.455897838451
5 2 7 1 -41.9847675255 0.636027138761
5 2 2 2 -47.2529081366 0.280929181916
5 2 0 1 -48.022059684 0.177065255851
5 2 8 5 -48.2752983144 0.222566774386
5 2 8 3 -46.7944904404 0.2683424602
5 2 3 5 -48.0185453557 0.24731611697
5 2 5 3 -41.8061331667 0.948505460103
5 2 5 5 -47.6469664077 0.274076800606
5 2 1 4 -48.2316757333 0.230226233092
5 2 7 7 -48.3555336076 0.237499794521
5 2 1 7 -48.3877442729 0.188895590257
5 2 1 9 -48.409674883 0.182685263099
5 2 6 9 -48.3722478344 0.225974750688
5 2 4 8 -48.3387928848 0.218143441809
5 2 9 8 -48.3695608609 0.224707951079
5 3 2 0 -47.2916984378 0.240670200444
5 3 5 0 -46.5466038 0.400163541851
5 3 9 1 -47.8296676451 0.259121572854
5 3 7 1 -45.5675176947 0.354083792021
5 3 2 2 -45.7180659715 0.269490291827
5 3 0 1 -47.7399792628 0.222187822185
5 3 8 5 -48.4127538477 0.20676560345
5 3 8 3 -45.6162122983 0.191965447546
5 3 3 5 -47.4349515534 0.250076950411
5 3 5 3 -30.9032256 0.614753528512
5 3 5 5 -47.6452201493 0.204737014874
5 3 1 4 -48.324136 0.229978372352
5 3 7 7 -48.390973587 0.226195062817
5 3 1 7 -48.3361376348 0.195519006403
5 3 1 9 -48.3443895093 0.22338873856
5 3 6 9 -48.3969474955 0.216716022503
5 3 4 8 -48.386123324 0.214444652359
5 3 9 8 -48.3998241644 0.210619324538
5 4 2 0 -48.191624301 0.210702622633
5 4 5 0 -47.9968892 0.269515024682
5 4 9 1 -48.1489195313 0.224883369327
5 4 7 1 -47.7655262554 0.317278055393
5 4 2 2 -48.2249129778 0.215809986115
5 4 0 1 -48.2310560471 0.210781300399
5 4 8 5 -47.0712172587 0.296430803706
5 4 8 3 -46.6263606048 0.447409018293
5 4 3 5 -46.5934744753 0.268610765917
5 4 5 3 -40.6600508667 0.570957382969
5 4 5 5 -40.0127883177 0.960022028152
5 4 1 4 -48.2518331333 0.220449281958
5 4 7 7 -47.7958366759 0.247570117011
5 4 1 7 -48.3504947295 0.216718568234
5 4 1 9 -48.3816618629 0.213106061849
5 4 6 9 -48.326794566 0.244158288558
5 4 4 8 -48.3863356139 0.189057757777
5 4 9 8 -48.3261015521 0.257155518928
5 5 2 0 -48.0797269981 0.21568287436
5 5 5 0 -48.2259335333 0.221724285655
5 5 9 1 -48.3000656601 0.168290054636
5 5 7 1 -48.1477498629 0.223220215839
5 5 2 2 -48.1513451907 0.234618493998
5 5 0 1 -48.1209397781 0.217846625301
5 5 8 5 -47.6356294009 0.321600771685
5 5 8 3 -47.8621120332 0.257734295607
5 5 3 5 -44.6992807059 0.402590361103
5 5 5 3 -46.3901430667 0.232100244889
5 5 5 5 -28.3304783812 3.0
5 5 1 4 -48.0036593333 0.207406033573
5 5 7 7 -47.9349876173 0.258068684853
5 5 1 7 -48.2599196525 0.234654127389
5 5 1 9 -48.3521048347 0.18762353051
5 5 6 9 -48.0746852084 0.274205714311
5 5 4 8 -48.1067825982 0.210767446169
5 5 9 8 -48.1694569798 0.261884857737
5 6 2 0 -48.2796210499 0.203540096455
5 6 5 0 -48.3193343 0.197735532779
5 6 9 1 -48.2489695329 0.19948917603
5 6 7 1 -48.1975097809 0.208103855708
5 6 2 2 -48.3219413758 0.191433512785
5 6 0 1 -48.2834184438 0.191050175387
5 6 8 5 -47.7034783335 0.336696186144
5 6 8 3 -48.0668422504 0.249485444192
5 6 3 5 -46.6912826138 0.251075127777
5 6 5 3 -48.3767411667 0.219368718185
5 6 5 5 -41.4226356498 0.562104229899
5 6 1 4 -48.2413159333 0.193576584957
5 6 7 7 -46.7087628819 0.404537446107
5 6 1 7 -47.8885064015 0.225040052586
5 6 1 9 -48.1345271265 0.204420646343
5 6 6 9 -47.8634733636 0.283826311117
5 6 4 8 -46.7378446086 0.283139798844
5 6 9 8 -48.0070117077 0.25241715958
5 7 2 0 -48.2819494611 0.202040055981
5 7 5 0 -48.3666281333 0.193969896552
5 7 9 1 -48.3393460839 0.194650787915
5 7 7 1 -48.337967342 0.201478733287
5 7 2 2 -48.3201939342 0.202150664834
5 7 0 1 -48.2922533401 0.19940231081
5 7 8 5 -47.8379178048 0.277255479179
5 7 8 3 -48.3449408972 0.211918216077
5 7 3 5 -47.4262170054 0.249437353429
5 7 5 3 -48.4066738667 0.207554007581
5 7 5 5 -47.3175398175 0.288160042585
5 7 1 4 -48.4327732 0.199793454652
5 7 7 7 -43.7674847786 0.597363009432
5 7 1 7 -47.5350957565 0.262125384374
5 7 1 9 -47.8178646755 0.23396621728
5 7 6 9 -43.8218726063 0.593953171543
5 7 4 8 -42.174236388 0.573645695662
5 7 9 8 -47.5009806238 0.276770836487
5 8 2 0 -48.2944606184 0.17826416795
5 8 5 0 -48.3664883333 0.216470220487
5 8 9 1 -48.3564000168 0.190098518255
5 8 7 1 -48.3525988644 0.208219715409
5 8 2 2 -48.3313917328 0.170293994015
5 8 0 1 -48.2954438056 0.177534871493
5 8 8 5 -47.4178019164 0.225240053241
5 8 8 3 -48.3270655286 0.202929411175
5 8 3 5 -47.7319570515 0.337985595547
5 8 5 3 -48.342133 0.199294682448
5 8 5 5 -48.0594673921 0.240988403246
5 8 1 4 -48.3337977 0.221508645322
5 8 7 7 -45.7710452963 0.25852942405
5 8 1 7 -47.9642492624 0.229351985143
5 8 1 9 -47.9642492624 0.229351985143
5 8 6 9 -43.8999881545 0.297949843115
5 8 4 8 -43.1621297375 0.455557868865
5 8 9 8 -46.2733596636 0.260450129163
5 9 2 0 -48.3056473038 0.181050994023
5 9 5 0 -48.3461929 0.203032782241
5 9 9 1 -48.3630906737 0.19678371711
5 9 7 1 -48.344774257 0.205060685153
5 9 2 2 -48.3176378406 0.189817235083
5 9 0 1 -48.3057516735 0.180478608687
5 9 8 5 -48.2140382614 0.211244233526
5 9 8 3 -48.3179890655 0.190231997677
5 9 3 5 -48.1341904842 0.244645810161
5 9 5 3 -48.4001304667 0.24453742133
5 9 5 5 -48.339762814 0.210624926451
5 9 1 4 -48.3824219667 0.270848909061
5 9 7 7 -46.6326676719 0.387574122481
5 9 1 7 -47.7655579132 0.239030089005
5 9 1 9 -47.6146746788 0.237400315556
5 9 6 9 -38.0121374937 1.40105759392
5 9 4 8 -39.5875732468 1.02641005652
5 9 9 8 -47.0757814553 0.348800616693
6 0 2 0 -47.9685814563 0.233262454809
6 0 5 0 -33.4461118667 1.1700404745
6 0 9 1 -45.8275028419 0.301413881292
6 0 7 1 -42.415940304 0.59342150284
6 0 2 2 -47.9089006747 0.238013891487
6 0 0 1 -48.0793182605 0.1777231785
6 0 8 5 -48.3001392866 0.211137039907
6 0 8 3 -47.9757541375 0.24415524259
6 0 3 5 -48.2374232842 0.235189385835
6 0 5 3 -48.3717394667 0.201391764581
6 0 5 5 -48.2713056405 0.17787541908
6 0 1 4 -48.4267716667 0.204055323597
6 0 7 7 -48.4148662866 0.185853766724
6 0 1 7 -48.3723622745 0.202155628977
6 0 1 9 -48.3633021583 0.199927649821
6 0 6 9 -48.447252523 0.181314284739
6 0 4 8 -48.4123275128 0.166412616917
6 0 9 8 -48.4421514357 0.174531743661
6 1 2 0 -47.7472397157 0.238491981538
6 1 5 0 -44.8802498333 0.346141087244
6 1 9 1 -36.4449946406 0.419925976052
6 1 7 1 -37.8356090034 0.62803853174
6 1 2 2 -47.7472397157 0.238491981538
6 1 0 1 -48.1715015984 0.216038687824
6 1 8 5 -48.2423363092 0.20208231175
6 1 8 3 -44.0178651259 0.479705471711
6 1 3 5 -48.2969286618 0.194567414539
6 1 5 3 -46.4259128333 0.195843832586
6 1 5 5 -48.0305360937 0.198298571918
6 1 1 4 -48.4704721667 0.243461542471
6 1 7 7 -48.4013894159 0.17221548227
6 1 1 7 -48.3296214118 0.21337351827
6 1 1 9 -48.3419099659 0.199025202977
6 1 6 9 -48.3708271485 0.178103084273
6 1 4 8 -48.3749975219 0.197176573824
6 1 9 8 -48.3855324776 0.182861716371
6 2 2 0 -47.8588122318 0.230325342411
6 2 5 0 -45.8250502 0.452715347465
6 2 9 1 -46.9669656592 0.542136376192
6 2 7 1 -41.3021116723 0.944586752935
6 2 2 2 -47.7061398983 0.242995846051
6 2 0 1 -48.1130779286 0.234147594628
6 2 8 5 -48.2581530292 0.225036765746
6 2 8 3 -43.6504311639 0.673154408851
6 2 3 5 -48.043701585 0.227449864598
6 2 5 3 -44.0388682 0.56981381327
6 2 5 5 -47.8129452185 0.293546545167
6 2 1 4 -48.3666355 0.22917439915
6 2 7 7 -48.4149769634 0.182273853895
6 2 1 7 -48.3301835322 0.234007698158
6 2 1 9 -48.2924288629 0.214757436862
6 2 6 9 -48.3451968582 0.190625532389
6 2 4 8 -48.3358712393 0.250994529874
6 2 9 8 -48.3560219594 0.20308019996
6 3 2 0 -47.8943256524 0.230015046981
6 3 5 0 -47.5834329333 0.381345289895
6 3 9 1 -47.0940171848 0.280802574504
6 3 7 1 -45.5401940234 0.318793882235
6 3 2 2 -47.5925751003 0.241478606895
6 3 0 1 -48.0784996399 0.225992013106
6 3 8 5 -48.0459446231 0.216562094712
6 3 8 3 -43.1252333083 0.464936137122
6 3 3 5 -47.760488023 0.220455303861
6 3 5 3 -43.1611845 0.630872437579
6 3 5 5 -46.5717103643 0.297309727674
6 3 1 4 -48.2647629 0.242260901003
6 3 7 7 -48.2919337941 0.173536339478
6 3 1 7 -48.3134356476 0.19774038294
6 3 1 9 -48.3002975898 0.207269948078
6 3 6 9 -48.3506204505 0.173264367459
6 3 4 8 -48.3618492848 0.17152898542
6 3 9 8 -48.3621372473 0.170798452801
6 4 2 0 -48.1414651166 0.225275886243
6 4 5 0 -48.3071286 0.191434886831
6 4 9 1 -47.1449085291 0.231238105713
6 4 7 1 -46.0033856288 0.222560390552
6 4 2 2 -48.0336163919 0.252968891656
6 4 0 1 -48.1613443426 0.22358401933
6 4 8 5 -46.4720413386 0.237392726014
6 4 8 3 -43.0392034894 0.364253546728
6 4 3 5 -46.7980451869 0.230413828854
6 4 5 3 -43.1115873667 0.632498842351
6 4 5 5 -40.3788335056 0.581981452269
6 4 1 4 -48.2918678333 0.172107403102
6 4 7 7 -47.7174354929 0.235610374226
6 4 1 7 -48.3110943055 0.23183701498
6 4 1 9 -48.3604028316 0.209144506921
6 4 6 9 -48.3073532671 0.238030630948
6 4 4 8 -48.314091094 0.239600586621
6 4 9 8 -48.3073532671 0.238030630948
6 5 2 0 -48.1728723422 0.206161910215
6 5 5 0 -48.2423631 0.263553806638
6 5 9 1 -47.7673905412 0.248521514027
6 5 7 1 -47.3498448311 0.266227334773
6 5 2 2 -48.1508740334 0.193289975218
6 5 0 1 -48.1944421529 0.22290797955
6 5 8 5 -46.6962808837 0.226374815478
6 5 8 3 -46.5239642598 0.232905935839
6 5 3 5 -46.3732467579 0.258781267738
6 5 5 3 -48.2911233667 0.233143369885
6 5 5 5 -44.7282142032 0.201755909566
6 5 1 4 -48.2607694333 0.259394876667
6 5 7 7 -47.1748328903 0.234045214117
6 5 1 7 -48.3268707899 0.234023450481
6 5 1 9 -48.3270751515 0.199094131305
6 5 6 9 -48.2916163223 0.207571174777
6 5 4 8 -48.3192620974 0.220926702085
6 5 9 8 -48.3296282446 0.200381208347
6 6 2 0 -48.2806528677 0.199543069497
6 6 5 0 -48.2822971333 0.202774618138
6 6 9 1 -48.2719947605 0.240062240476
6 6 7 1 -48.2734945962 0.235183643818
6 6 2 2 -48.3459917711 0.181056752406
6 6 0 1 -48.2801004964 0.212312132986
6 6 8 5 -46.7818484527 0.413691694267
6 6 8 3 -48.1216520938 0.273613156407
6 6 3 5 -47.2012510291 0.35781631503
6 6 5 3 -48.3540080333 0.219336240211
6 6 5 5 -43.210706171 0.75855623085
6 6 1 4 -48.2443750333 0.27097581197
6 6 7 7 -45.2700777069 0.648331757506
6 6 1 7 -48.2474052126 0.196212261838
6 6 1 9 -48.3162881089 0.183121532641
6 6 6 9 -47.7839853084 0.311381199564
6 6 4 8 -47.4225100223 0.269275784103
6 6 9 8 -46.6584738532 0.467776753851
6 7 2 0 -48.3012641638 0.205409352088
6 7 5 0 -48.3254069667 0.172253349284
6 7 9 1 -48.3673160688 0.178531147699
6 7 7 1 -48.3470446922 0.182867783009
6 7 2 2 -48.4093483119 0.189562941357
6 7 0 1 -48.3155804405 0.190166258527
6 7 8 5 -47.0779224521 0.330598049696
6 7 8 3 -48.2942872827 0.189324779518
6 7 3 5 -48.1186098437 0.20450807746
6 7 5 3 -48.3878574667 0.182761929693
6 7 5 5 -47.6245181979 0.238000411009
6 7 1 4 -48.3490671333 0.221874647845
6 7 7 7 -43.6695046354 0.805257477844
6 7 1 7 -48.1979693616 0.209842674689
6 7 1 9 -48.2239916255 0.218455837596
6 7 6 9 -45.4493482601 0.525456056387
6 7 4 8 -47.4486639582 0.25863549578
6 7 9 8 -45.9645156706 0.385173403505
6 8 2 0 -48.3054553615 0.211191830379
6 8 5 0 -48.3904192333 0.200847030288
6 8 9 1 -48.3400179683 0.234258413197
6 8 7 1 -48.3526067673 0.218391728783
6 8 2 2 -48.3779140088 0.202532648062
6 8 0 1 -48.2918967974 0.210532997797
6 8 8 5 -47.4012179595 0.246409091241
6 8 8 3 -48.3461855696 0.222621539107
6 8 3 5 -48.1105237727 0.250087764111
6 8 5 3 -48.3402597333 0.240688147493
6 8 5 5 -48.138800718 0.251939515824
6 8 1 4 -48.4531505 0.184624817024
6 8 7 7 -42.2705866543 1.73644725477
6 8 1 7 -48.1986804837 0.213580864182
6 8 1 9 -48.1986804837 0.213580864182
6 8 6 9 -42.6327509199 2.01762377695
6 8 4 8 -46.8455122348 0.815008773546
6 8 9 8 -44.6908816353 0.501096729416
6 9 2 0 -48.3203847414 0.209845725832
6 9 5 0 -48.4183946 0.205192371415
6 9 9 1 -48.3441180701 0.22162181743
6 9 7 1 -48.3621734594 0.213096303328
6 9 2 2 -48.3505076604 0.187471622477
6 9 0 1 -48.3239705995 0.220984091847
6 9 8 5 -48.3611928485 0.167164665634
6 9 8 3 -48.3101584714 0.183480993454
6 9 3 5 -48.2387793991 0.180973163106
6 9 5 3 -48.3489595333 0.222447234526
6 9 5 5 -48.3831427928 0.155956987354
6 9 1 4 -48.4320404333 0.161776828273
6 9 7 7 -47.2646077909 0.228687766886
6 9 1 7 -48.1583765965 0.239344251912
6 9 1 9 -48.1180232108 0.238443317035
6 9 6 9 -28.3304783812 3.0
6 9 4 8 -46.7708840742 0.259545226681
6 9 9 8 -47.1942207048 0.353953383169
7 0 2 0 -48.0867784899 0.222321925735
7 0 5 0 -41.0015354333 0.315625796419
7 0 9 1 -41.3816069929 0.739512722293
7 0 7 1 -37.5156896068 0.966059440474
7 0 2 2 -48.0903832375 0.206974530448
7 0 0 1 -48.2528221672 0.178687532913
7 0 8 5 -48.2727663965 0.224899047575
7 0 8 3 -46.5656328688 0.349099486079
7 0 3 5 -48.2123519694 0.182949499912
7 0 5 3 -48.4002639333 0.211664808008
7 0 5 5 -48.2176676301 0.228447397176
7 0 1 4 -48.4058460333 0.160424989099
7 0 7 7 -48.4247490006 0.204983590619
7 0 1 7 -48.3216080963 0.213357940828
7 0 1 9 -48.3781403131 0.213429800194
7 0 6 9 -48.3830494693 0.223486496844
7 0 4 8 -48.3547106371 0.224753181089
7 0 9 8 -48.3897424713 0.222945933843
7 1 2 0 -48.1352383545 0.216776211989
7 1 5 0 -46.6869881 0.312037724801
7 1 9 1 -32.4067433781 1.44323104177
7 1 7 1 -28.3304783812 3.0
7 1 2 2 -48.1352383545 0.216776211989
7 1 0 1 -48.2835082375 0.243875818199
7 1 8 5 -48.184029643 0.216072870448
7 1 8 3 -40.9399824002 0.79822555737
7 1 3 5 -48.2896471031 0.222543661781
7 1 5 3 -48.4042021 0.215249043561
7 1 5 5 -48.141591181 0.225743905408
7 1 1 4 -48.3725716 0.212386434504
7 1 7 7 -48.3928199689 0.174216824064
7 1 1 7 -48.3486158997 0.188224182395
7 1 1 9 -48.3455856282 0.194792412066
7 1 6 9 -48.3532254374 0.189167575414
7 1 4 8 -48.3349777992 0.197841089735
7 1 9 8 -48.3534936205 0.191540507472
7 2 2 0 -48.1275079908 0.225701197784
7 2 5 0 -45.3476941667 0.31870058957
7 2 9 1 -42.7888875482 0.367632629237
7 2 7 1 -39.4714724581 0.752731366886
7 2 2 2 -48.0687404703 0.242302242242
7 2 0 1 -48.2501377476 0.210409442353
7 2 8 5 -48.3355786424 0.201562675802
7 2 8 3 -44.982847483 0.518286181293
7 2 3 5 -48.1059789268 0.220942617228
7 2 5 3 -47.7190306667 0.934862951732
7 2 5 5 -48.2037916281 0.326997836741
7 2 1 4 -48.3832453 0.188889106487
7 2 7 7 -48.4398460381 0.197936848759
7 2 1 7 -48.3777142088 0.216317648772
7 2 1 9 -48.3668912378 0.204487534121
7 2 6 9 -48.328340008 0.161478379445
7 2 4 8 -48.3005037846 0.220908013753
7 2 9 8 -48.3225412278 0.190541883309
7 3 2 0 -48.1025009148 0.224670268997
7 3 5 0 -48.1666989667 0.207682107084
7 3 9 1 -42.9990839339 0.934822272657
7 3 7 1 -38.976824793 1.82581914101
7 3 2 2 -47.9793959339 0.224394597791
7 3 0 1 -48.2102528092 0.228761325815
7 3 8 5 -48.1319293429 0.249724291242
7 3 8 3 -37.0570835281 2.39978174219
7 3 3 5 -47.8108455911 0.229704623509
7 3 5 3 -46.0120065 0.574936810964
7 3 5 5 -47.4122554666 0.345521578745
7 3 1 4 -48.3780750333 0.201477432739
7 3 7 7 -48.3742518107 0.199253790031
7 3 1 7 -48.3318875286 0.200134886706
7 3 1 9 -48.3107882238 0.203102421376
7 3 6 9 -48.3366236203 0.197047057306
7 3 4 8 -48.3166890488 0.195773503714
7 3 9 8 -48.3540999326 0.196298015696
7 4 2 0 -48.2839131667 0.220811383144
7 4 5 0 -48.3653597 0.173721552068
7 4 9 1 -47.860616112 0.245434260124
7 4 7 1 -47.8713649863 0.22372024013
7 4 2 2 -48.2593940722 0.225986164049
7 4 0 1 -48.2934468812 0.21525339858
7 4 8 5 -44.9023833155 0.420599101909
7 4 8 3 -45.5719275498 0.516761509619
7 4 3 5 -47.2987082375 0.225607462388
7 4 5 3 -45.7383719333 0.517804815201
7 4 5 5 -46.215598217 0.375958060613
7 4 1 4 -48.4135534 0.233552357966
7 4 7 7 -48.2409485264 0.216910268145
7 4 1 7 -48.3555716844 0.24047487684
7 4 1 9 -48.3351622086 0.203000209955
7 4 6 9 -48.332121575 0.219208955638
7 4 4 8 -48.3273359734 0.225772342732
7 4 9 8 -48.3456856286 0.213674364876
7 5 2 0 -48.2381853408 0.216964702357
7 5 5 0 -48.3365060667 0.195375843971
7 5 9 1 -48.2193272274 0.233669335903
7 5 7 1 -48.22041611 0.225872439534
7 5 2 2 -48.3172771697 0.242490202621
7 5 0 1 -48.2198328043 0.213096406138
7 5 8 5 -41.0216356114 0.741786534439
7 5 8 3 -47.0595002757 0.397398955147
7 5 3 5 -47.2204400532 0.26615910832
7 5 5 3 -48.4264321333 0.203381915654
7 5 5 5 -46.7540274578 0.226087950654
7 5 1 4 -48.3843976667 0.184068004909
7 5 7 7 -47.5483859757 0.364323108215
7 5 1 7 -48.3169937391 0.216399528514
7 5 1 9 -48.3549742864 0.205212456577
7 5 6 9 -48.3324565603 0.215095463653
7 5 4 8 -48.2627637418 0.217679605566
7 5 9 8 -47.6072108865 0.31946814615
7 6 2 0 -48.2643095242 0.200310902069
7 6 5 0 -48.3270305 0.19505737581
7 6 9 1 -48.2931864682 0.175046411715
7 6 7 1 -48.2854053935 0.181890077057
7 6 2 2 -48.3161768543 0.180427685072
7 6 0 1 -48.2693725711 0.191100981081
7 6 8 5 -44.6849474076 0.649525986458
7 6 8 3 -48.0598974758 0.199156006648
7 6 3 5 -47.8812789802 0.25763215342
7 6 5 3 -48.3600182667 0.270029079673
7 6 5 5 -47.4515095698 0.319879228736
7 6 1 4 -48.3911418333 0.178441223019
7 6 7 7 -42.7745152462 1.14346663926
7 6 1 7 -48.2891657897 0.207393782475
7 6 1 9 -48.2967663911 0.229076715784
7 6 6 9 -48.1413510782 0.252216164954
7 6 4 8 -48.045808128 0.257455475911
7 6 9 8 -47.073860668 0.40814996618
7 7 2 0 -48.3027306202 0.181053446546
7 7 5 0 -48.3228786667 0.208026151666
7 7 9 1 -48.3647205547 0.210999600928
7 7 7 1 -48.3313829627 0.212821271213
7 7 2 2 -48.3508772675 0.202926700454
7 7 0 1 -48.294157072 0.18296212814
7 7 8 5 -47.3542810035 0.275365183912
7 7 8 3 -48.2750594561 0.230251760309
7 7 3 5 -48.0077858934 0.230640965295
7 7 5 3 -48.3584402333 0.181173003778
7 7 5 5 -47.6859607323 0.260372976522
7 7 1 4 -48.3590464667 0.250513498232
7 7 7 7 -28.3304783812 3.0
7 7 1 7 -48.2511613269 0.23125824576
7 7 1 9 -48.2630975457 0.239760290443
7 7 6 9 -45.2706078545 0.640791747545
7 7 4 8 -47.7912708667 0.247180814621
7 7 9 8 -44.7192591797 0.598415076988
7 8 2 0 -48.3139095365 0.184471332431
7 8 5 0 -48.3689267 0.204155593273
7 8 9 1 -48.3722408678 0.195880842172
7 8 7 1 -48.3675501346 0.199498445399
7 8 2 2 -48.338043169 0.167864824605
7 8 0 1 -48.3450224222 0.192032122643
7 8 8 5 -47.9148707314 0.219501743414
7 8 8 3 -48.3503737383 0.191615143363
7 8 3 5 -48.2245625763 0.171838241436
7 8 5 3 -48.360207 0.17803473374
7 8 5 5 -48.2389327414 0.169319720465
7 8 1 4 -48.3908774333 0.220607471245
7 8 7 7 -43.0729079878 0.781248834103
7 8 1 7 -48.2588908194 0.206005282488
7 8 1 9 -48.2588908194 0.206005282488
7 8 6 9 -44.2258183467 0.46801240615
7 8 4 8 -47.9606554063 0.232073763913
7 8 9 8 -43.1763469524 0.571036707551
7 9 2 0 -48.3144053771 0.217498375563
7 9 5 0 -48.3619302667 0.210430229574
7 9 9 1 -48.3391593767 0.193238548347
7 9 7 1 -48.341705269 0.197606048303
7 9 2 2 -48.3741090111 0.208504507505
7 9 0 1 -48.3259362235 0.209861389268
7 9 8 5 -47.8548467034 0.284777045121
7 9 8 3 -48.3451971073 0.179290024271
7 9 3 5 -48.2580600131 0.247578361115
7 9 5 3 -48.4056039333 0.185047014075
7 9 5 5 -48.3078952773 0.224682466108
7 9 1 4 -48.4142169333 0.250489719401
7 9 7 7 -45.4958525984 0.686005483336
7 9 1 7 -48.2605854749 0.231187986351
7 9 1 9 -48.2596469097 0.226830355171
7 9 6 9 -41.7404505037 0.928825620633
7 9 4 8 -48.0257856807 0.26415517811
7 9 9 8 -42.0108126783 1.11660342152
8 0 2 0 -48.2297302914 0.199128305263
8 0 5 0 -45.6486711 0.400098507313
8 0 9 1 -43.7093559917 1.00812561743
8 0 7 1 -43.2729572404 0.98556121378
8 0 2 2 -48.2325950659 0.200278730385
8 0 0 1 -48.2089893604 0.231877975501
8 0 8 5 -48.3733402447 0.251549624733
8 0 8 3 -47.3631210247 0.631387951451
8 0 3 5 -48.3203377923 0.171650226631
8 0 5 3 -48.3585853667 0.209701357902
8 0 5 5 -48.359001065 0.235951766983
8 0 1 4 -48.3904672 0.202153040628
8 0 7 7 -48.3915034442 0.197803764157
8 0 1 7 -48.3998902052 0.19758975995
8 0 1 9 -48.3919361697 0.224459454629
8 0 6 9 -48.360451783 0.200647910112
8 0 4 8 -48.3395337167 0.211472611213
8 0 9 8 -48.3512544318 0.210528907942
8 1 2 0 -48.1412415338 0.225751253283
8 1 5 0 -46.9198290667 0.360670670336
8 1 9 1 -34.8695711473 0.673920116192
8 1 7 1 -34.8695711473 0.673920116192
8 1 2 2 -48.1412415338 0.225751253283
8 1 0 1 -48.2454649505 0.226075886041
8 1 8 5 -48.3546347868 0.215233871006
8 1 8 3 -46.0045952523 0.639271181798
8 1 3 5 -48.2130903734 0.239589530269
8 1 5 3 -48.4208469667 0.171377213871
8 1 5 5 -48.4075461971 0.201679598441
8 1 1 4 -48.3498755 0.247461423185
8 1 7 7 -48.2584870603 0.166006130494
8 1 1 7 -48.3206815937 0.239619979712
8 1 1 9 -48.3294215627 0.228162566781
8 1 6 9 -48.3092547063 0.186909345635
8 1 4 8 -48.3512768406 0.225875771527
8 1 9 8 -48.3200918477 0.194873285617
8 2 2 0 -48.2523007272 0.191852785822
8 2 5 0 -46.9954561 0.253194249042
8 2 9 1 -41.9288438074 0.626864180781
8 2 7 1 -41.9288438074 0.626864180781
8 2 2 2 -48.2484025782 0.191651358573
8 2 0 1 -48.2513356434 0.195937653371
8 2 8 5 -48.2091738661 0.258079063709
8 2 8 3 -40.8863103126 0.739070332073
8 2 3 5 -48.2714001427 0.208117784266
8 2 5 3 -48.3673044 0.176561012768
8 2 5 5 -48.2483451335 0.231001978896
8 2 1 4 -48.3682958 0.198501600842
8 2 7 7 -48.3985787054 0.163248091364
8 2 1 7 -48.293597118 0.244091966473
8 2 1 9 -48.328048024 0.197524120047
8 2 6 9 -48.3259087594 0.21311399353
8 2 4 8 -48.3521544773 0.242621402461
8 2 9 8 -48.3593994591 0.211167765566
8 3 2 0 -48.1937983645 0.206515366492
8 3 5 0 -48.0301185 0.245958539256
8 3 9 1 -44.2274319931 0.6186292734
8 3 7 1 -46.0734516193 0.385128262821
8 3 2 2 -48.1840245214 0.218792233941
8 3 0 1 -48.217232507 0.176327682473
8 3 8 5 -45.8582351986 0.474806261818
8 3 8 3 -28.3304783812 3.0
8 3 3 5 -47.9616011364 0.253225865606
8 3 5 3 -48.3995457667 0.206982431216
8 3 5 5 -47.8208822597 0.223393586583
8 3 1 4 -48.3450955333 0.21283102398
8 3 7 7 -48.2040798711 0.1637973982
8 3 1 7 -48.3654928036 0.215671557319
8 3 1 9 -48.377192226 0.165539625872
8 3 6 9 -48.3550616646 0.16947485255
8 3 4 8 -48.3315492135 0.211092642542
8 3 9 8 -48.3408494311 0.173084086076
8 4 2 0 -48.213170843 0.209594758674
8 4 5 0 -48.3337566 0.190888509441
8 4 9 1 -47.2497273419 0.339871106762
8 4 7 1 -47.6561753965 0.276507494646
8 4 2 2 -48.1860704905 0.204829342793
8 4 0 1 -48.2173980721 0.214103858693
8 4 8 5 -43.4393627059 0.917820708771
8 4 8 3 -43.0019033295 0.972685987198
8 4 3 5 -47.4911082312 0.265697701761
8 4 5 3 -48.029787 0.497483754587
8 4 5 5 -48.055727825 0.362088918268
8 4 1 4 -48.3704082333 0.202563377152
8 4 7 7 -48.1410213202 0.256759500503
8 4 1 7 -48.3456609853 0.174336143391
8 4 1 9 -48.3530517549 0.173116725598
8 4 6 9 -48.3618305752 0.17205462007
8 4 4 8 -48.3724185508 0.170096615004
8 4 9 8 -48.3228996951 0.190078478395
8 5 2 0 -48.304256791 0.216299953884
8 5 5 0 -48.4135000333 0.241890090868
8 5 9 1 -47.7514075093 0.275007749078
8 5 7 1 -48.321049054 0.224858270115
8 5 2 2 -48.2960002048 0.208331701898
8 5 0 1 -48.3054976116 0.221072552337
8 5 8 5 -28.3304783812 3.0
8 5 8 3 -43.5647725219 0.754656293907
8 5 3 5 -47.624704644 0.235141358821
8 5 5 3 -48.3995464 0.180471457903
8 5 5 5 -47.6893495251 0.212103001015
8 5 1 4 -48.4215745 0.192492493495
8 5 7 7 -46.4639013479 0.362541765518
8 5 1 7 -48.3558814084 0.200107931091
8 5 1 9 -48.3501575613 0.1856222602
8 5 6 9 -48.3033809989 0.225298877281
8 5 4 8 -48.2839226469 0.218117477544
8 5 9 8 -46.717589098 0.451996113062
8 6 2 0 -48.335898046 0.201410605299
8 6 5 0 -48.3759272333 0.227381022114
8 6 9 1 -48.2577236233 0.209940225015
8 6 7 1 -48.288839313 0.209049974595
8 6 2 2 -48.3601270235 0.206704320133
8 6 0 1 -48.3471396527 0.19608353441
8 6 8 5 -43.4773969588 0.895632011484
8 6 8 3 -47.9609224012 0.256934709022
8 6 3 5 -47.9672229751 0.220728818772
8 6 5 3 -48.3477206 0.197399378259
8 6 5 5 -48.0196354817 0.226025199128
8 6 1 4 -48.3736492667 0.167843804246
8 6 7 7 -40.3052162705 0.583994387597
8 6 1 7 -48.3194563925 0.221420099425
8 6 1 9 -48.3321738939 0.225862542856
8 6 6 9 -47.8335778344 0.187962739518
8 6 4 8 -48.211924829 0.18557130958
8 6 9 8 -44.2502866081 0.497928365545
8 7 2 0 -48.3273558115 0.190444802197
8 7 5 0 -48.292416 0.19399088388
8 7 9 1 -48.3439995264 0.172938960771
8 7 7 1 -48.3308925264 0.178931696544
8 7 2 2 -48.3713218298 0.196854037966
8 7 0 1 -48.3041268231 0.213748135872
8 7 8 5 -46.4140849681 0.315314331281
8 7 8 3 -48.2767001766 0.187464264793
8 7 3 5 -48.1280796756 0.211598939646
8 7 5 3 -48.3955964667 0.197455677599
8 7 5 5 -48.150452453 0.22164503024
8 7 1 4 -48.3984321333 0.183811207824
8 7 7 7 -42.3233323702 0.575090106572
8 7 1 7 -48.3444885583 0.187878721668
8 7 1 9 -48.359460468 0.180378424489
8 7 6 9 -47.2266141659 0.264203842333
8 7 4 8 -48.2039705959 0.207019850852
8 7 9 8 -44.7435570306 0.40278243878
8 8 2 0 -48.2470301784 0.195667141057
8 8 5 0 -48.3762008 0.184684705039
8 8 9 1 -48.3275212516 0.196988064572
8 8 7 1 -48.334699557 0.19456526814
8 8 2 2 -48.3722774753 0.179248903327
8 8 0 1 -48.2469736351 0.18698176748
8 8 8 5 -47.544441567 0.206723813984
8 8 8 3 -48.3506956816 0.202001521446
8 8 3 5 -48.2821954389 0.171610667172
8 8 5 3 -48.4047102333 0.210374541746
8 8 5 5 -48.2282812705 0.20677154412
8 8 1 4 -48.3995697 0.225724702673
8 8 7 7 -40.5890294104 0.56718915859
8 8 1 7 -48.3335800238 0.202963079279
8 8 1 9 -48.3335800238 0.202963079279
8 8 6 9 -44.6335834698 0.568016029578
8 8 4 8 -48.1977279061 0.222456583826
8 8 9 8 -38.6772731973 0.718336626379
8 9 2 0 -48.299293045 0.228330225747
8 9 5 0 -48.3932056667 0.220262669479
8 9 9 1 -48.3180932854 0.197558736348
8 9 7 1 -48.3341134025 0.205359048445
8 9 2 2 -48.3806396396 0.202853164509
8 9 0 1 -48.315133942 0.241657784226
8 9 8 5 -47.7748102711 0.295956826772
8 9 8 3 -48.3207024237 0.198685883897
8 9 3 5 -48.316935708 0.193809173198
8 9 5 3 -48.3680846333 0.177647419669
8 9 5 5 -48.2845109873 0.203175277358
8 9 1 4 -48.4146905667 0.183279086489
8 9 7 7 -44.0353986882 0.848322171179
8 9 1 7 -48.2968123104 0.201725321747
8 9 1 9 -48.293612063 0.206448680143
8 9 6 9 -43.2321605507 0.880179168469
8 9 4 8 -48.2023487706 0.202923588786
8 9 9 8 -42.4084876927 0.939155570169
9 0 2 0 -48.2868579511 0.216641198349
9 0 5 0 -47.5003393667 0.314589766759
9 0 9 1 -39.232617774 0.854579258703
9 0 7 1 -46.4269590226 0.281364037618
9 0 2 2 -48.2832824571 0.226155438647
9 0 0 1 -48.2888137087 0.190563526231
9 0 8 5 -48.3050604007 0.184789439866
9 0 8 3 -48.1955941261 0.236599021542
9 0 3 5 -48.3170577626 0.200012393789
9 0 5 3 -48.4127212 0.233860865725
9 0 5 5 -48.3917341178 0.186766650101
9 0 1 4 -48.4153927 0.192686893924
9 0 7 7 -48.3493586251 0.160307889813
9 0 1 7 -48.3413395407 0.204802570569
9 0 1 9 -48.3339143795 0.211650803108
9 0 6 9 -48.3464576326 0.172883545591
9 0 4 8 -48.3521768149 0.181255039064
9 0 9 8 -48.346247184 0.168636717396
9 1 2 0 -48.2305461483 0.206516840575
9 1 5 0 -47.6662781 0.322229019866
9 1 9 1 -28.3304783812 3.0
9 1 7 1 -45.2815623146 0.66810706715
9 1 2 2 -48.2305461483 0.206516840575
9 1 0 1 -48.302071374 0.18819064227
9 1 8 5 -48.1918570374 0.224857930823
9 1 8 3 -46.973452845 0.619546877752
9 1 3 5 -48.3046304392 0.237534728298
9 1 5 3 -48.3476395 0.205340678299
9 1 5 5 -48.3643676312 0.20116916318
9 1 1 4 -48.4350100667 0.222190429658
9 1 7 7 -48.2987277304 0.207493949418
9 1 1 7 -48.3556905296 0.19791142967
9 1 1 9 -48.291327806 0.207228922527
9 1 6 9 -48.3636876769 0.200964098043
9 1 4 8 -48.3890934321 0.215912447845
9 1 9 8 -48.3380496374 0.202705768044
9 2 2 0 -48.2912814168 0.179666090464
9 2 5 0 -47.8801395667 0.201169349174
9 2 9 1 -41.6899438006 0.873823350107
9 2 7 1 -45.9540347428 0.282369086323
9 2 2 2 -48.3019877643 0.180821598707
9 2 0 1 -48.2490040961 0.168164590162
9 2 8 5 -47.8937960847 0.257141206553
9 2 8 3 -43.8299211104 0.597872202896
9 2 3 5 -48.262838008 0.198557657649
9 2 5 3 -48.3815841667 0.201898294356
9 2 5 5 -48.3304324855 0.201634600748
9 2 1 4 -48.3741267667 0.191481489145
9 2 7 7 -48.370199502 0.213484988553
9 2 1 7 -48.3597392701 0.175180212582
9 2 1 9 -48.3718562601 0.161315501754
9 2 6 9 -48.3411005249 0.219353822569
9 2 4 8 -48.3380663406 0.206646121327
9 2 9 8 -48.3543012759 0.216253289409
9 3 2 0 -48.2727963052 0.23100603687
9 3 5 0 -47.9242644667 0.266713544979
9 3 9 1 -44.4854424539 0.488375962249
9 3 7 1 -46.79826857 0.31760108521
9 3 2 2 -48.2786269586 0.220493785249
9 3 0 1 -48.2561480469 0.218676101917
9 3 8 5 -45.6191192118 0.187498401922
9 3 8 3 -37.9178914806 0.724163987236
9 3 3 5 -48.1186536077 0.21734081714
9 3 5 3 -48.3885899 0.260906373904
9 3 5 5 -48.3666377117 0.241190956608
9 3 1 4 -48.3958499333 0.232396654454
9 3 7 7 -48.377845914 0.16229611017
9 3 1 7 -48.3430886468 0.204626744638
9 3 1 9 -48.3292900156 0.203355032935
9 3 6 9 -48.3924981666 0.189521840858
9 3 4 8 -48.3724272421 0.212642520582
9 3 9 8 -48.3805030587 0.170077781444
9 4 2 0 -48.2712641235 0.184599410599
9 4 5 0 -48.3495935 0.143449394815
9 4 9 1 -46.9996942136 0.269544162042
9 4 7 1 -47.9464988309 0.223274598934
9 4 2 2 -48.2612532625 0.190820326167
9 4 0 1 -48.2750947574 0.180585516522
9 4 8 5 -44.8748821588 0.384233913788
9 4 8 3 -44.7214858423 0.352679925872
9 4 3 5 -47.8197586171 0.251634388334
9 4 5 3 -48.4802485 0.162809552316
9 4 5 5 -48.3185829599 0.201413321974
9 4 1 4 -48.3962791667 0.144688133856
9 4 7 7 -48.0237251601 0.294407334783
9 4 1 7 -48.3781533997 0.195496445471
9 4 1 9 -48.3235548272 0.173413934
9 4 6 9 -48.39008061 0.215961879276
9 4 4 8 -48.391166131 0.199060496822
9 4 9 8 -48.1827066269 0.26346393638
9 5 2 0 -48.284889825 0.204212009348
9 5 5 0 -48.3433111333 0.198140001816
9 5 9 1 -47.8870150443 0.282102263376
9 5 7 1 -48.2310362588 0.2394240793
9 5 2 2 -48.3051989332 0.200246725065
9 5 0 1 -48.2740090027 0.207143333381
9 5 8 5 -41.2680033112 1.18995619033
9 5 8 3 -44.1040241979 0.808217897797
9 5 3 5 -47.8357931935 0.225010817927
9 5 5 3 -48.3681630333 0.152154548593
9 5 5 5 -48.1938038513 0.171324093051
9 5 1 4 -48.4364995333 0.275755090988
9 5 7 7 -47.5878206652 0.276162463703
9 5 1 7 -48.3781118883 0.177732976226
9 5 1 9 -48.3873964268 0.185668855938
9 5 6 9 -48.222233804 0.236654853284
9 5 4 8 -48.3148337952 0.187399851648
9 5 9 8 -46.6508983272 0.489016466584
9 6 2 0 -48.3143547983 0.186401208783
9 6 5 0 -48.3626767667 0.192938255814
9 6 9 1 -48.2015191582 0.237293225951
9 6 7 1 -48.2607539877 0.240626399699
9 6 2 2 -48.3798977087 0.184384593647
9 6 0 1 -48.2994520335 0.186373282067
9 6 8 5 -45.760872491 0.562260227255
9 6 8 3 -48.1650398659 0.22135577525
9 6 3 5 -48.0809432189 0.210478621862
9 6 5 3 -48.3809113333 0.225867099487
9 6 5 5 -48.2519415458 0.225618999197
9 6 1 4 -48.3864986 0.264043207544
9 6 7 7 -46.5785325594 0.394096966085
9 6 1 7 -48.3067228502 0.193958912479
9 6 1 9 -48.3008828559 0.195166995913
9 6 6 9 -48.0833462119 0.220565616368
9 6 4 8 -48.2517276014 0.217842204844
9 6 9 8 -43.8701062425 0.744588959983
9 7 2 0 -48.2788404467 0.280191776452
9 7 5 0 -48.3583524 0.187155011787
9 7 9 1 -48.3456742929 0.20778762073
9 7 7 1 -48.3624850568 0.206892650402
9 7 2 2 -48.3498444989 0.21631178555
9 7 0 1 -48.2781976425 0.251592461153
9 7 8 5 -46.6453521085 0.285379274288
9 7 8 3 -48.3346382227 0.224661302215
9 7 3 5 -48.1902421256 0.210651836194
9 7 5 3 -48.4071237333 0.226731731553
9 7 5 5 -48.2649731763 0.226462246258
9 7 1 4 -48.4178402 0.205537930022
9 7 7 7 -41.4421582539 0.8122347709
9 7 1 7 -48.3147608115 0.210162562777
9 7 1 9 -48.3158143104 0.213918279218
9 7 6 9 -47.481887779 0.283331304975
9 7 4 8 -48.2658495652 0.219310735467
9 7 9 8 -39.6707706158 0.889618135644
9 8 2 0 -48.2902980944 0.192678060503
9 8 5 0 -48.2955066333 0.178986970128
9 8 9 1 -48.3284399167 0.196064379585
9 8 7 1 -48.3283549033 0.184123697006
9 8 2 2 -48.337228399 0.190721681424
9 8 0 1 -48.3185617292 0.178724199949
9 8 8 5 -47.5073517614 0.330308487919
9 8 8 3 -48.3520687638 0.24363683314
9 8 3 5 -48.265698056 0.216259719669
9 8 5 3 -48.3977931667 0.129280164066
9 8 5 5 -48.3452797164 0.219176697554
9 8 1 4 -48.4452513667 0.199773768253
9 8 7 7 -45.870024769 0.488910078362
9 8 1 7 -48.3112836248 0.193206936233
9 8 1 9 -48.3112836248 0.193206936233
9 8 6 9 -46.3526546757 0.393983650584
9 8 4 8 -48.3119133001 0.2197805512
9 8 9 8 -28.3304783812 3.0
9 9 2 0 -48.3266217483 0.177326986819
9 9 5 0 -48.3810717 0.221946209005
9 9 9 1 -48.3787934431 0.230304966553
9 9 7 1 -48.3948084872 0.228306417267
9 9 2 2 -48.3629581287 0.133214724044
9 9 0 1 -48.3183416225 0.181934070853
9 9 8 5 -48.1135012158 0.258113265691
9 9 8 3 -48.3446740224 0.211249761693
9 9 3 5 -48.3025749487 0.176900147548
9 9 5 3 -48.3982989 0.169572008795
9 9 5 5 -48.3313492706 0.185997598091
9 9 1 4 -48.4241710667 0.15049442137
9 9 7 7 -47.4968512083 0.456248869149
9 9 1 7 -48.3414815117 0.222382520623
9 9 1 9 -48.3289799074 0.22198120982
9 9 6 9 -46.8285929869 0.467633665727
9 9 4 8 -48.3032540148 0.184086923228
9 9 9 8 -41.3850658492 0.960486015085
