# pu1         pu2           pu3           su
7.0, 9.0, 50, 9.0, 3.0, 50, 1.0, 4.0, 52, 8.0, 8.0, 28
7.0, 9.0, 54, 9.0, 3.0, 64, 1.0, 4.0, 56, 8.0, 8.0, 0
7.0, 9.0, 58, 9.0, 3.0, 61, 1.0, 4.0, 63, 8.0, 8.0, 37
7.0, 9.0, 64, 9.0, 3.0, 55, 1.0, 4.0, 53, 8.0, 8.0, 45
7.0, 9.0, 59, 9.0, 3.0, 59, 1.0, 4.0, 62, 9.0, 9.0, 44
7.0, 9.0, 59, 9.0, 3.0, 53, 1.0, 4.0, 56, 8.0, 9.0, 43
7.0, 9.0, 54, 9.0, 3.0, 58, 1.0, 4.0, 52, 9.0, 7.0, 37
7.0, 9.0, 55, 8.0, 1.0, 63, 1.0, 4.0, 63, 9.0, 6.0, 46
7.0, 9.0, 53, 8.0, 1.0, 55, 1.0, 4.0, 53, 9.0, 5.0, 47
7.0, 9.0, 51, 8.0, 1.0, 52, 1.0, 4.0, 51, 9.0, 4.0, 47
7.0, 9.0, 51, 8.0, 1.0, 50, 1.0, 4.0, 55, 9.0, 3.0, 47
7.0, 9.0, 60, 8.0, 1.0, 62, 1.0, 4.0, 64, 9.0, 2.0, 47
7.0, 9.0, 53, 8.0, 1.0, 58, 1.0, 4.0, 55, 9.0, 1.0, 47
7.0, 9.0, 62, 8.0, 1.0, 58, 1.0, 4.0, 55, 8.0, 2.0, 47
7.0, 9.0, 62, 8.0, 1.0, 58, 1.0, 4.0, 55, 8.0, 2.0, 37
7.0, 9.0, 61, 8.0, 1.0, 64, 1.0, 4.0, 56, 9.0, 1.0, 35
7.0, 9.0, 65, 8.0, 1.0, 56, 1.0, 4.0, 61, 9.0, 1.0, 30
7.0, 9.0, 58, 8.0, 1.0, 55, 1.0, 4.0, 58, 9.0, 0.0, 44
7.0, 9.0, 56, 8.0, 1.0, 54, 1.0, 4.0, 65, 8.0, 1.0, 38
7.0, 9.0, 56, 8.0, 1.0, 54, 1.0, 4.0, 65, 8.0, 1.0, 37
7.0, 9.0, 56, 8.0, 1.0, 58, 1.0, 4.0, 52, 6.0, 1.0, 41
7.0, 9.0, 53, 8.0, 1.0, 58, 1.0, 4.0, 52, 1.0, 3.0, 35
7.0, 9.0, 54, 8.0, 1.0, 53, 1.0, 4.0, 64, 1.0, 4.0, 35
7.0, 9.0, 51, 8.0, 1.0, 50, 1.0, 4.0, 50, 1.0, 4.0, 27
7.0, 9.0, 51, 8.0, 1.0, 53, 1.0, 4.0, 55, 4.0, 6.0, 34
7.0, 9.0, 56, 8.0, 1.0, 56, 1.0, 4.0, 64, 4.0, 9.0, 34
7.0, 9.0, 55, 8.0, 1.0, 57, 1.0, 4.0, 63, 5.0, 8.0, 30
---
9.0, 9.0, 62, 7.0, 2.0, 48, 0.0, 3.0, 38, 0.0, 2.0, 37
nan, nan, nan, 7.0, 2.0, 44, 0.0, 3.0, 36, 0.0, 2.0, 38
9.0, 9.0, 56, nan, nan, nan, 0.0, 3.0, 34, 0.0, 2.0, 32
9.0, 9.0, 51, 7.0, 2.0, 30, nan, nan, nan, 0.0, 2.0, 0
9.0, 9.0, 64, 7.0, 2.0, 36, 0.0, 3.0, 56, 3.0, 3.0, 0
9.0, 9.0, 64, 7.0, 2.0, 36, 0.0, 3.0, 56, 3.0, 3.0, 0
9.0, 9.0, 51, 7.0, 2.0, 32, 0.0, 3.0, 35, 3.0, 3.0, 0
9.0, 9.0, 63, 7.0, 2.0, 43, 0.0, 3.0, 62, 8.0, 8.0, 0
9.0, 9.0, 64, nan, nan, nan, 0.0, 3.0, 64, 8.0, 8.0, 4
9.0, 9.0, 64, nan, nan, nan, 0.0, 3.0, 70, 8.0, 8.0, 0
9.0, 9.0, 70, nan, nan, nan, 0.0, 3.0, 50, 8.0, 8.0, 17
9.0, 9.0, 60, 7.0, 2.0, 50, 0.0, 3.0, 55, 5.0, 5.0, 18
nan, nan, nan, nan, nan, nan, 0.0, 3.0, 55, 5.0, 5.0, 47
nan, nan, nan, nan, nan, nan, 0.0, 3.0, 35, 5.0, 5.0, 32
nan, nan, nan, nan, nan, nan, 0.0, 3.0, 45, 5.0, 5.0, 44
nan, nan, nan, nan, nan, nan, 0.0, 3.0, 25, 5.0, 5.0, 21
nan, nan, nan, 7.0, 2.0, 50, nan, nan, nan, 5.0, 5.0, 33
nan, nan, nan, 7.0, 2.0, 40, nan, nan, nan, 5.0, 5.0, 22
nan, nan, nan, 7.0, 2.0, 30, nan, nan, nan, 5.0, 5.0, 13
9.0, 9.0, 60, nan, nan, nan, nan, nan, nan, 5.0, 5.0, 19
9.0, 9.0, 70, nan, nan, nan, nan, nan, nan, 5.0, 5.0, 32
9.0, 9.0, 80, nan, nan, nan, nan, nan, nan, 5.0, 5.0, 43

=====

9.0, 8.0, 57, 9.0, 1.0, 44, 1.0, 4.0, 52, 2.0, 8.0, 57, 1.0, 2.0, 26
9.0, 8.0, 59, 9.0, 1.0, 39, 1.0, 4.0, 55, 2.0, 8.0, 55, 3.0, 4.0, 23
9.0, 8.0, 55, 9.0, 1.0, 35, 1.0, 4.0, 59, 2.0, 8.0, 57, 2.0, 6.0, 29
9.0, 8.0, 59, 9.0, 1.0, 49, 1.0, 4.0, 60, 2.0, 8.0, 51, 2.0, 6.0, 27
9.0, 8.0, 58, 9.0, 1.0, 44, 0.0, 2.0, 53, 2.0, 8.0, 60, 3.0, 8.0, 21
9.0, 8.0, 58, 9.0, 1.0, 44, 0.0, 2.0, 53, 2.0, 8.0, 60, 6.0, 7.0, 21
9.0, 8.0, 61, 9.0, 1.0, 32, 0.0, 2.0, 57, 2.0, 8.0, 52, 7.0, 8.0, 28
9.0, 8.0, 61, 9.0, 1.0, 44, 0.0, 2.0, 52, 2.0, 8.0, 57, 8.0, 9.0, 22
9.0, 8.0, 56, 9.0, 1.0, 58, 0.0, 2.0, 55, 2.0, 8.0, 49, 9.0, 6.0, 15
9.0, 8.0, 62, 9.0, 1.0, 58, 0.0, 2.0, 51, 2.0, 8.0, 60, 8.0, 5.0, 0
9.0, 8.0, 58, 9.0, 1.0, 44, 0.0, 2.0, 54, 2.0, 8.0, 51, 8.0, 5.0, 24
9.0, 8.0, 58, 9.0, 1.0, 60, 0.0, 2.0, 53, 2.0, 8.0, 56, 7.0, 3.0, 24
9.0, 8.0, 62, 9.0, 1.0, 54, 0.0, 2.0, 57, 2.0, 8.0, 60, 6.0, 0.0, 29
9.0, 8.0, 63, 9.0, 1.0, 38, 0.0, 2.0, 52, 2.0, 8.0, 60, 8.0, 0.0, 27
8.0, 7.0, 59, 8.0, 0.0, 34, 1.0, 3.0, 58, 3.0, 7.0, 49, 9.0, 1.0, 12
8.0, 7.0, 56, 8.0, 0.0, 33, 1.0, 3.0, 57, 3.0, 7.0, 51, 7.0, 2.0, 17
8.0, 7.0, 61, 8.0, 0.0, 46, 1.0, 3.0, 59, 3.0, 7.0, 51, 6.0, 1.0, 23
8.0, 7.0, 58, 8.0, 0.0, 45, 1.0, 3.0, 52, 3.0, 7.0, 53, 8.0, 3.0, 16
8.0, 7.0, 59, 8.0, 0.0, 40, 1.0, 3.0, 54, 3.0, 7.0, 48, 5.0, 3.0, 9
8.0, 7.0, 61, 8.0, 0.0, 45, 1.0, 3.0, 58, 3.0, 7.0, 59, 0.0, 0.0, 34
8.0, 7.0, 58, 8.0, 0.0, 40, 1.0, 3.0, 59, 3.0, 7.0, 51, 1.0, 5.0, 0
8.0, 7.0, 59, 8.0, 0.0, 37, 1.0, 3.0, 56, 3.0, 7.0, 57, 1.0, 5.0, 23
8.0, 7.0, 55, 8.0, 0.0, 32, 1.0, 3.0, 60, 3.0, 7.0, 55, 0.0, 9.0, 29
8.0, 7.0, 64, 8.0, 0.0, 48, 1.0, 3.0, 56, 3.0, 7.0, 53, 3.0, 7.0, 11
8.0, 7.0, 58, 8.0, 0.0, 30, 1.0, 3.0, 59, 3.0, 7.0, 49, 5.0, 9.0, 8
8.0, 7.0, 57, 8.0, 0.0, 39, 1.0, 3.0, 60, 3.0, 7.0, 55, 9.0, 7.0, 12
8.0, 7.0, 58, 8.0, 0.0, 49, 1.0, 3.0, 60, 3.0, 7.0, 46, 6.0, 5.0, 0
8.0, 7.0, 64, 8.0, 0.0, 48, 1.0, 3.0, 54, 3.0, 7.0, 56, 6.0, 5.0, 15
6.0, 6.0, 56, 7.0, 2.0, 56, 0.0, 4.0, 52, 1.0, 9.0, 46, 6.0, 5.0, 0
6.0, 6.0, 57, 7.0, 2.0, 52, 0.0, 4.0, 53, 1.0, 9.0, 47, 6.0, 5.0, 10
6.0, 6.0, 59, 7.0, 2.0, 44, 0.0, 4.0, 54, 1.0, 9.0, 49, 9.0, 9.0, 24
6.0, 6.0, 58, 7.0, 2.0, 39, 0.0, 4.0, 60, 1.0, 9.0, 51, 8.0, 6.0, 19
6.0, 6.0, 56, 7.0, 2.0, 53, 0.0, 4.0, 60, 1.0, 9.0, 57, 6.0, 4.0, 0
6.0, 6.0, 59, 7.0, 2.0, 60, 0.0, 4.0, 60, 1.0, 9.0, 57, 6.0, 4.0, 0
6.0, 6.0, 64, 7.0, 2.0, 31, 0.0, 4.0, 60, 1.0, 9.0, 54, 6.0, 4.0, 22
6.0, 6.0, 55, 7.0, 2.0, 57, 0.0, 4.0, 59, 1.0, 9.0, 60, 8.0, 2.0, 0
6.0, 6.0, 62, 7.0, 2.0, 39, 0.0, 4.0, 50, 1.0, 9.0, 58, 8.0, 2.0, 31
6.0, 6.0, 58, 7.0, 2.0, 43, 0.0, 4.0, 59, 1.0, 9.0, 59, 9.0, 0.0, 26
6.0, 6.0, 65, 7.0, 2.0, 59, 0.0, 4.0, 58, 1.0, 9.0, 53, 7.0, 1.0, 24
6.0, 6.0, 63, 7.0, 2.0, 40, 0.0, 4.0, 53, 1.0, 9.0, 52, 5.0, 2.0, 18
6.0, 6.0, 57, 7.0, 2.0, 60, 0.0, 4.0, 58, 1.0, 9.0, 50, 1.0, 3.0, 0
6.0, 6.0, 58, 7.0, 2.0, 58, 0.0, 4.0, 58, 1.0, 9.0, 54, 1.0, 3.0, 0
6.0, 6.0, 55, 7.0, 2.0, 39, 0.0, 4.0, 51, 1.0, 9.0, 60, 1.0, 3.0, 9
6.0, 6.0, 58, 7.0, 2.0, 30, 0.0, 4.0, 52, 1.0, 9.0, 45, 1.0, 6.0, 18
6.0, 6.0, 65, 7.0, 2.0, 36, 0.0, 4.0, 58, 1.0, 9.0, 46, 0.0, 5.0, 17
6.0, 6.0, 64, 7.0, 2.0, 36, 0.0, 4.0, 60, 1.0, 9.0, 48, 4.0, 6.0, 21
6.0, 6.0, 64, 7.0, 2.0, 57, 0.0, 4.0, 54, 1.0, 9.0, 48, 4.0, 9.0, 0
6.0, 6.0, 59, 7.0, 2.0, 59, 0.0, 4.0, 60, 1.0, 9.0, 48, 4.0, 9.0, 2
---
6.0, 6.0, 56, 9.0, 1.0, 53, 0.0, 4.0, 59, 1.0, 9.0, 47, 5.0, 9.0, 0
6.0, 6.0, 63, 9.0, 1.0, 54, 0.0, 4.0, 56, 1.0, 9.0, 53, 5.0, 9.0, 17
---
below are vaild data
---
4, 9.0, 8.0, 64, 9.0, 1.0, 35, 1.0, 4.0, 39, 2.0, 8.0, 60, 1.0, 2.0, 0
4, 9.0, 8.0, 64, 9.0, 1.0, 39, 1.0, 4.0, 53, 2.0, 8.0, 41, 1.0, 2.0, 0
2, nan, nan, nan, 9.0, 1.0, 49, 1.0, 4.0, 54, nan, nan, nan, 1.0, 2.0, 0
3, nan, nan, nan, 9.0, 1.0, 50, 1.0, 4.0, 44, 2.0, 8.0, 52, 1.0, 2.0, 34
3, nan, nan, nan, 9.0, 1.0, 35, 1.0, 4.0, 42, 2.0, 8.0, 53, 4.0, 2.0, 29
2, nan, nan, nan, 9.0, 1.0, 54, nan, nan, nan, 2.0, 8.0, 58, 6.0, 2.0, 36
4, 9.0, 8.0, 60, 9.0, 1.0, 52, 1.0, 4.0, 40, 2.0, 8.0, 45, 5.0, 5.0, 14
4, 9.0, 8.0, 61, 9.0, 1.0, 50, 1.0, 4.0, 55, 2.0, 8.0, 52, 5.0, 5.0, 0
4, 9.0, 8.0, 66, 9.0, 1.0, 53, 1.0, 4.0, 40, 2.;0, 8.0, 55, 5.0, 5.0, 23
4, 9.0, 8.0, 64, 9.0, 1.0, 46, 1.0, 4.0, 54, 2.0, 8.0, 53, 5.0, 5.0, 16
2, 9.0, 8.0, 70, nan, nan, nan, nan, nan, nan, 2.0, 8.0, 59, 4.0, 6.0, 26
3, 9.0, 8.0, 67, nan, nan, nan, 1.0, 4.0, 41, 2.0, 8.0, 55, 2.0, 7.0, 27
3, nan, nan, nan, 9.0, 1.0, 44, 1.0, 4.0, 46, 2.0, 8.0, 53, 2.0, 8.0, 6
4, 9.0, 8.0, 66, 9.0, 1.0, 36, 1.0, 4.0, 49, 2.0, 8.0, 52, 2.0, 8.0, 5
1, nan, nan, nan, 9.0, 1.0, 41, nan, nan, nan, nan, nan, nan, 2.0, 8.0, 47
2, 9.0, 8.0, 67, 9.0, 1.0, 54, 2.0, 8.0, 47
2, 9.0, 1.0, 38, 1.0, 4.0, 47, 2.0, 8.0, 47
4, 9.0, 8.0, 64, 9.0, 1.0, 43, 1.0, 4.0, 34, 2.0, 8.0, 59, 2.0, 8.0, 14
3, 9.0, 1.0, 49, 1.0, 4.0, 34, 2.0, 8.0, 57, 5.0, 9.0, 38
4, 9.0, 8.0, 66, 9.0, 1.0, 35, 1.0, 4.0, 53, 2.0, 8.0, 50, 7.0, 8.0, 16
4, 9.0, 8.0, 66, 9.0, 1.0, 37, 1.0, 4.0, 35, 2.0, 8.0, 53, 9.0, 7.0, 16
3, 9.0, 8.0, 70, 1.0, 4.0, 44, 2.0, 8.0, 45, 9.0, 8.0, 16
2, 9.0, 1.0, 40, 2.0, 8.0, 57, 9.0, 8.0, 36
3, 9.0, 1.0, 47, 1.0, 4.0, 33, 2.0, 8.0, 50, 9.0, 8.0, 30
2, 9.0, 8.0, 67, 2.0, 8.0, 53, 9.0, 8.0, 14
4, 9.0, 8.0, 68, 9.0, 1.0, 53, 1.0, 4.0, 34, 2.0, 8.0, 52, 9.0, 8.0, 11
2, 9.0, 1.0, 50, 1.0, 4.0, 34, 8.0, 4.0, 42
2, 1.0, 4.0, 53, 2.0, 8.0, 58, 8.0, 4.0, 44
3, 9.0, 8.0, 70, 9.0, 1.0, 40, 2.0, 8.0, 52, 8.0, 4.0, 25
3, 9.0, 8.0, 70, 1.0, 4.0, 54, 2.0, 8.0, 46, 8.0, 4.0, 21
2, 1.0, 4.0, 45, 2.0, 8.0, 53, 8.0, 2.0, 29
2, 9.0, 1.0, 49, 1.0, 4.0, 49, 8.0, 2.0, 47
2, 9.0, 1.0, 48, 1.0, 4.0, 55, 9.0, 1.0, 14
2, 9.0, 8.0, 68, 1.0, 4.0, 54, 9.0, 1.0, 34
3, 9.0, 8.0, 68, 9.0, 1.0, 50, 1.0, 4.0, 49, 9.0, 1.0, 15
3, 9.0, 8.0, 68, 8.0, 0.0, 43, 3.0, 7.0, 45, 9.0, 0.0, 25
2, 8.0, 7.0, 69, 8.0, 0.0, 48, 9.0, 0.0, 32
3, 8.0, 7.0, 65, 8.0, 0.0, 46, 3.0, 7.0, 59, 9.0, 0.0, 26
2, 8.0, 7.0, 65, 3.0, 7.0, 54, 9.0, 0.0, 28
4, 8.0, 7.0, 66, 8.0, 0.0, 43, 1.0, 3.0, 52, 3.0, 7.0, 55, 8.0, 1.0, 25
3, 8.0, 7.0, 69, 8.0, 0.0, 43, 3.0, 7.0, 60, 8.0, 1.0, 25
4, 8.0, 7.0, 64, 8.0, 0.0, 54, 1.0, 3.0, 50, 3.0, 7.0, 49, 8.0, 1.0, 0
2, 8.0, 0.0, 53, 3.0, 7.0, 52, 8.0, 1.0, 33
3, 8.0, 7.0, 67, 1.0, 3.0, 49, 3.0, 7.0, 56, 9.0, 2.0, 24
3, 8.0, 7.0, 66, 8.0, 0.0, 54, 1.0, 3.0, 41, 9.0, 2.0, 19
4, 8.0, 7.0, 69, 8.0, 0.0, 44, 1.0, 3.0, 49, 3.0, 7.0, 55, 9.0, 2.0, 27
3, 8.0, 7.0, 70, 8.0, 0.0, 51, 3.0, 7.0, 51, 8.0, 3.0, 32
2, 8.0, 7.0, 70, 3.0, 7.0, 55, 8.0, 3.0, 32
3, 8.0, 7.0, 65, 1.0, 3.0, 47, 3.0, 7.0, 52, 8.0, 3.0, 27
3, 8.0, 0.0, 47, 1.0, 3.0, 48, 3.0, 7.0, 60, 9.0, 4.0, 37
3, 8.0, 7.0, 66, 8.0, 0.0, 38, 3.0, 7.0, 48, 9.0, 4.0, 22
2, 8.0, 7.0, 70, 8.0, 0.0, 51, 9.0, 4.0, 30
4, 8.0, 7.0, 69, 8.0, 0.0, 37, 1.0, 3.0, 41, 3.0, 7.0, 59, 9.0, 4.0, 29
3, 8.0, 7.0, 67, 1.0, 3.0, 41, 3.0, 7.0, 45, 9.0, 4.0, 18
3, 8.0, 0.0, 40, 1.0, 3.0, 35, 3.0, 7.0, 51, 7.0, 4.0, 25
3, 8.0, 0.0, 55, 1.0, 3.0, 37, 3.0, 7.0, 58, 7.0, 4.0, 34
2, 8.0, 7.0, 68, 3.0, 7.0, 58, 7.0, 4.0, 25
2, 8.0, 7.0, 70, 1.0, 3.0, 40, 7.0, 7.0, 27
3, 8.0, 7.0, 69, 8.0, 0.0, 46, 3.0, 7.0, 50, 7.0, 7.0, 26
2, 1.0, 3.0, 34, 3.0, 7.0, 59, 7.0, 7.0, 42
2, 8.0, 7.0, 67, 1.0, 3.0, 47, 8.0, 9.0, 26
3, 8.0, 7.0, 69, 8.0, 0.0, 49, 1.0, 3.0, 54, 8.0, 9.0, 31
4, 8.0, 7.0, 66, 8.0, 0.0, 55, 1.0, 3.0, 42, 3.0, 7.0, 56, 8.0, 9.0, 26
4, 8.0, 7.0, 64, 8.0, 0.0, 54, 1.0, 3.0, 38, 3.0, 7.0, 60, 5.0, 9.0, 31
2, 1.0, 3.0, 46, 3.0, 7.0, 54, 5.0, 9.0, 39
4, 8.0, 7.0, 66, 8.0, 0.0, 54, 1.0, 3.0, 53, 3.0, 7.0, 57, 5.0, 9.0, 34
3, 8.0, 7.0, 70, 8.0, 0.0, 49, 3.0, 7.0, 46, 3.0, 6.0, 20
4, 8.0, 7.0, 66, 8.0, 0.0, 38, 1.0, 3.0, 37, 3.0, 7.0, 60, 3.0, 6.0, 33
3, 8.0, 0.0, 41, 1.0, 3.0, 35, 3.0, 7.0, 48, 3.0, 6.0, 25
4, 8.0, 7.0, 67, 8.0, 0.0, 38, 1.0, 3.0, 36, 3.0, 7.0, 51, 4.0, 3.0, 21
2, 1.0, 3.0, 46, 3.0, 7.0, 60, 4.0, 3.0, 31
2, 8.0, 0.0, 50, 1.0, 3.0, 44, 0.0, 3.0, 46
4, 8.0, 7.0, 68, 8.0, 0.0, 46, 1.0, 3.0, 50, 3.0, 7.0, 50, 0.0, 3.0, 36
4, 8.0, 7.0, 69, 8.0, 0.0, 37, 1.0, 3.0, 50, 3.0, 7.0, 57, 0.0, 3.0, 31
2, 8.0, 7.0, 65, 8.0, 0.0, 50, 0.0, 8.0, 39
4, 8.0, 7.0, 64, 8.0, 0.0, 45, 1.0, 3.0, 42, 3.0, 7.0, 55, 0.0, 8.0, 33
3, 8.0, 7.0, 70, 8.0, 0.0, 48, 1.0, 3.0, 43, 0.0, 8.0, 45
2, 7.0, 2.0, 34, 0.0, 4.0, 47, 0.0, 2.0, 29
2, 7.0, 2.0, 51, 1.0, 9.0, 53, 0.0, 2.0, 37
2, 0.0, 4.0, 44, 1.0, 9.0, 46, 2.0, 3.0, 23
3, 6.0, 6.0, 70, 7.0, 2.0, 55, 1.0, 9.0, 58, 2.0, 3.0, 39
3, 6.0, 6.0, 65, 7.0, 2.0, 53, 0.0, 4.0, 48, 2.0, 3.0, 29
4, 6.0, 6.0, 70, 7.0, 2.0, 52, 0.0, 4.0, 50, 1.0, 9.0, 57, 2.0, 3.0, 37
2, 6.0, 6.0, 64, 1.0, 9.0, 60, 3.0, 2.0, 24
2, 6.0, 6.0, 67, 0.0, 4.0, 39, 3.0, 2.0, 29
3, 6.0, 6.0, 68, 7.0, 2.0, 53, 0.0, 4.0, 51, 3.0, 2.0, 26
4, 6.0, 6.0, 67, 7.0, 2.0, 42, 0.0, 4.0, 33, 1.0, 9.0, 51, 5.0, 3.0, 23
2, 6.0, 6.0, 64, 0.0, 4.0, 44, 5.0, 3.0, 19
4, 6.0, 6.0, 70, 7.0, 2.0, 40, 0.0, 4.0, 33, 1.0, 9.0, 52, 5.0, 3.0, 24
4, 6.0, 6.0, 67, 7.0, 2.0, 49, 0.0, 4.0, 33, 1.0, 9.0, 51, 6.0, 1.0, 27
2, 6.0, 6.0, 69, 0.0, 4.0, 36, 6.0, 1.0, 36
3, 7.0, 2.0, 37, 0.0, 4.0, 52, 1.0, 9.0, 53, 6.0, 1.0, 16
2, 6.0, 6.0, 65, 7.0, 2.0, 46, 8.0, 0.0, 24
2, 0.0, 4.0, 42, 1.0, 9.0, 60, 8.0, 0.0, 42
2, 6.0, 6.0, 66, 7.0, 2.0, 47, 8.0, 0.0, 25
2, 0.0, 4.0, 43, 1.0, 9.0, 53, 9.0, 3.0, 47
3, 6.0, 6.0, 70, 7.0, 2.0, 40, 1.0, 9.0, 60, 9.0, 3.0, 33
2, 6.0, 6.0, 65, 7.0, 2.0, 33, 9.0, 3.0, 25
4, 6.0, 6.0, 70, 7.0, 2.0, 48, 0.0, 4.0, 49, 1.0, 9.0, 53, 7.0, 4.0, 23
4, 6.0, 6.0, 65, 7.0, 2.0, 34, 0.0, 4.0, 43, 1.0, 9.0, 57, 7.0, 4.0, 18
2, 0.0, 4.0, 44, 1.0, 9.0, 46, 7.0, 4.0, 30
3, 6.0, 6.0, 68, 0.0, 4.0, 33, 1.0, 9.0, 55, 5.0, 5.0, 25
2, 6.0, 6.0, 68, 1.0, 9.0, 54, 5.0, 5.0, 25
2, 6.0, 6.0, 68, 7.0, 2.0, 44, 5.0, 5.0, 25
2, 6.0, 6.0, 67, 7.0, 2.0, 41, 3.0, 4.0, 30
2, 7.0, 2.0, 46, 0.0, 4.0, 47, 3.0, 4.0, 35
2, 6.0, 6.0, 68, 0.0, 4.0, 48, 3.0, 4.0, 33
2, 7.0, 2.0, 34, 1.0, 9.0, 54, 1.0, 5.0, 23
3, 6.0, 6.0, 70, 7.0, 2.0, 43, 0.0, 4.0, 35, 1.0, 5.0, 23
3, 6.0, 6.0, 70, 0.0, 4.0, 40, 1.0, 9.0, 48, 1.0, 5.0, 29
3, 6.0, 6.0, 64, 0.0, 4.0, 44, 1.0, 9.0, 45, 0.0, 6.0, 15
4, 6.0, 6.0, 67, 7.0, 2.0, 50, 0.0, 4.0, 37, 1.0, 9.0, 48, 0.0, 6.0, 20
3, 6.0, 6.0, 68, 7.0, 2.0, 36, 1.0, 9.0, 54, 0.0, 6.0, 28
4, 6.0, 6.0, 64, 7.0, 2.0, 38, 0.0, 4.0, 40, 1.0, 9.0, 48, 1.0, 8.0, 14
4, 6.0, 6.0, 64, 7.0, 2.0, 48, 0.0, 4.0, 39, 1.0, 9.0, 57, 1.0, 8.0, 23
3, 6.0, 6.0, 67, 0.0, 4.0, 42, 1.0, 9.0, 46, 1.0, 8.0, 10
2, 0.0, 4.0, 44, 1.0, 9.0, 45, 2.0, 7.0, 7
3, 6.0, 6.0, 69, 7.0, 2.0, 55, 0.0, 4.0, 50, 2.0, 7.0, 27
3, 6.0, 6.0, 69, 7.0, 2.0, 50, 1.0, 9.0, 48, 2.0, 7.0, 12
4, 6.0, 6.0, 69, 7.0, 2.0, 40, 0.0, 4.0, 39, 1.0, 9.0, 58, 4.0, 9.0, 31
2, 0.0, 4.0, 54, 1.0, 9.0, 53, 4.0, 9.0, 18
2, 7.0, 2.0, 36, 1.0, 9.0, 51, 4.0, 9.0, 31
2, 6.0, 6.0, 64, 0.0, 4.0, 55, 5.0, 7.0, 18
2, 0.0, 4.0, 34, 1.0, 9.0, 57, 5.0, 7.0, 33
3, 7.0, 2.0, 51, 0.0, 4.0, 35, 1.0, 9.0, 55, 5.0, 7.0, 30
2, 7.0, 2.0, 34, 1.0, 9.0, 52, 7.0, 8.0, 37
3, 6.0, 6.0, 70, 7.0, 2.0, 37, 0.0, 4.0, 36, 7.0, 8.0, 39
3, 6.0, 6.0, 64, 7.0, 2.0, 34, 1.0, 9.0, 59, 7.0, 8.0, 35
4, 6.0, 6.0, 64, 7.0, 2.0, 55, 0.0, 4.0, 50, 1.0, 9.0, 51, 9.0, 8.0, 0
2, 0.0, 4.0, 44, 1.0, 9.0, 50, 9.0, 8.0, 38
3, 6.0, 6.0, 67, 7.0, 2.0, 49, 0.0, 4.0, 37, 9.0, 8.0, 37
2, 6.0, 1.0, 51, 3.0, 6.0, 55, 9.0, 8.0, 29
2, 7.0, 8.0, 64, 3.0, 6.0, 57, 9.0, 8.0, 26
2, 1.0, 2.0, 47, 3.0, 6.0, 55, 9.0, 8.0, 30
3, 7.0, 8.0, 68, 6.0, 1.0, 53, 1.0, 2.0, 53, 9.0, 8.0, 30
3, 7.0, 8.0, 68, 6.0, 1.0, 40, 1.0, 2.0, 48, 9.0, 8.0, 32
2, 7.0, 8.0, 69, 1.0, 2.0, 40, 7.0, 8.0, 11
2, 7.0, 8.0, 70, 1.0, 2.0, 44, 7.0, 8.0, 13
3, 7.0, 8.0, 65, 6.0, 1.0, 47, 1.0, 2.0, 51, 7.0, 8.0, 5
3, 7.0, 8.0, 65, 6.0, 1.0, 54, 1.0, 2.0, 34, 7.0, 8.0, 7
3, 6.0, 1.0, 53, 1.0, 2.0, 41, 3.0, 6.0, 57, 7.0, 8.0, 36
4, 7.0, 8.0, 64, 6.0, 1.0, 52, 1.0, 2.0, 36, 3.0, 6.0, 59, 4.0, 7.0, 22
4, 7.0, 8.0, 67, 6.0, 1.0, 39, 1.0, 2.0, 43, 3.0, 6.0, 53, 4.0, 7.0, 26
4, 7.0, 8.0, 69, 6.0, 1.0, 42, 1.0, 2.0, 42, 3.0, 6.0, 48, 4.0, 7.0, 18
4, 7.0, 8.0, 70, 6.0, 1.0, 46, 1.0, 2.0, 39, 3.0, 6.0, 51, 4.0, 7.0, 23
3, 6.0, 1.0, 45, 1.0, 2.0, 52, 3.0, 6.0, 56, 4.0, 7.0, 27
2, 7.0, 8.0, 64, 6.0, 1.0, 44, 0.0, 7.0, 36
4, 7.0, 8.0, 68, 6.0, 1.0, 53, 1.0, 2.0, 54, 3.0, 6.0, 49, 0.0, 7.0, 0
4, 7.0, 8.0, 69, 6.0, 1.0, 37, 1.0, 2.0, 41, 3.0, 6.0, 55, 0.0, 7.0, 32
4, 7.0, 8.0, 65, 6.0, 1.0, 47, 1.0, 2.0, 55, 3.0, 6.0, 50, 0.0, 7.0, 0
3, 7.0, 8.0, 70, 1.0, 2.0, 37, 3.0, 6.0, 55, 0.0, 7.0, 32
2, 6.0, 1.0, 37, 3.0, 6.0, 50, 1.0, 4.0, 30
4, 7.0, 8.0, 65, 6.0, 1.0, 47, 1.0, 2.0, 41, 3.0, 6.0, 54, 1.0, 4.0, 33
3, 7.0, 8.0, 70, 6.0, 1.0, 53, 1.0, 2.0, 35, 1.0, 4.0, 32
3, 7.0, 8.0, 68, 6.0, 1.0, 41, 3.0, 6.0, 48, 1.0, 4.0, 28
4, 7.0, 8.0, 65, 6.0, 1.0, 40, 1.0, 2.0, 42, 3.0, 6.0, 57, 1.0, 4.0, 36
4, 7.0, 8.0, 69, 6.0, 1.0, 55, 1.0, 2.0, 36, 3.0, 6.0, 54, 4.0, 4.0, 15
3, 7.0, 8.0, 66, 1.0, 2.0, 52, 3.0, 6.0, 59, 4.0, 4.0, 22
4, 7.0, 8.0, 65, 6.0, 1.0, 41, 1.0, 2.0, 46, 3.0, 6.0, 49, 4.0, 4.0, 12
4, 7.0, 8.0, 67, 6.0, 1.0, 51, 1.0, 2.0, 45, 3.0, 6.0, 55, 4.0, 4.0, 18
2, 6.0, 1.0, 55, 1.0, 2.0, 33, 4.0, 4.0, 45
3, 7.0, 8.0, 66, 6.0, 1.0, 43, 3.0, 6.0, 55, 6.0, 5.0, 22
3, 7.0, 8.0, 67, 1.0, 2.0, 53, 3.0, 6.0, 58, 6.0, 5.0, 20
4, 7.0, 8.0, 64, 6.0, 1.0, 41, 1.0, 2.0, 50, 3.0, 6.0, 56, 6.0, 5.0, 16
2, 6.0, 1.0, 39, 1.0, 2.0, 53, 6.0, 5.0, 26
2, 6.0, 1.0, 48, 1.0, 2.0, 39, 6.0, 5.0, 42
3, 7.0, 8.0, 64, 6.0, 1.0, 36, 3.0, 6.0, 58, 8.0, 3.0, 23
2, 7.0, 8.0, 65, 6.0, 1.0, 41, 8.0, 3.0, 24
4, 7.0, 8.0, 66, 6.0, 1.0, 49, 1.0, 2.0, 38, 3.0, 6.0, 55, 8.0, 3.0, 25
4, 7.0, 8.0, 67, 6.0, 1.0, 43, 1.0, 2.0, 52, 3.0, 6.0, 59, 8.0, 3.0, 25
3, 6.0, 1.0, 40, 1.0, 2.0, 54, 3.0, 6.0, 52, 8.0, 3.0, 25
4, 7.0, 8.0, 67, 6.0, 1.0, 55, 1.0, 2.0, 43, 3.0, 6.0, 60, 9.0, 1.0, 29
2, 1.0, 2.0, 38, 3.0, 6.0, 52, 9.0, 1.0, 35
2, 7.0, 8.0, 68, 6.0, 1.0, 39, 9.0, 1.0, 25
2, 7.0, 8.0, 69, 6.0, 1.0, 53, 9.0, 1.0, 32
3, 7.0, 8.0, 66, 6.0, 1.0, 55, 3.0, 6.0, 53, 9.0, 1.0, 28
3, 7.0, 8.0, 69, 6.0, 1.0, 52, 1.0, 2.0, 53, 6.0, 0.0, 42
4, 7.0, 8.0, 69, 6.0, 1.0, 49, 1.0, 2.0, 42, 3.0, 6.0, 48, 6.0, 0.0, 14
2, 1.0, 2.0, 45, 3.0, 6.0, 60, 6.0, 0.0, 35
2, 7.0, 8.0, 67, 3.0, 6.0, 49, 6.0, 0.0, 22
3, 7.0, 8.0, 70, 6.0, 1.0, 34, 3.0, 6.0, 49, 6.0, 0.0, 22
2, 6.0, 1.0, 34, 3.0, 6.0, 54, 3.0, 2.0, 25
4, 7.0, 8.0, 65, 6.0, 1.0, 43, 1.0, 2.0, 33, 3.0, 6.0, 55, 3.0, 2.0, 27
3, 6.0, 1.0, 50, 1.0, 2.0, 44, 3.0, 6.0, 49, 3.0, 2.0, 12
3, 7.0, 8.0, 68, 1.0, 2.0, 40, 3.0, 6.0, 45, 3.0, 2.0, 15
2, 7.0, 8.0, 70, 1.0, 2.0, 43, 3.0, 2.0, 35
2, 6.0, 1.0, 52, 1.0, 2.0, 39, 0.0, 0.0, 26
2, 7.0, 8.0, 66, 1.0, 2.0, 40, 0.0, 0.0, 27
3, 7.0, 8.0, 65, 6.0, 1.0, 40, 1.0, 2.0, 54, 0.0, 0.0, 31
2, 7.0, 8.0, 68, 1.0, 2.0, 44, 0.0, 0.0, 31
3, 6.0, 1.0, 35, 1.0, 2.0, 38, 3.0, 6.0, 45, 0.0, 0.0, 20
2, 8.0, 6.0, 66, 0.0, 0.0, 51, 1.0, 2.0, 25
3, 5.0, 2.0, 43, 0.0, 0.0, 34, 3.0, 5.0, 45, 1.0, 2.0, 19
3, 8.0, 6.0, 66, 5.0, 2.0, 48, 0.0, 0.0, 54, 1.0, 2.0, 23
4, 8.0, 6.0, 69, 5.0, 2.0, 35, 0.0, 0.0, 42, 3.0, 5.0, 60, 1.0, 2.0, 29
4, 8.0, 6.0, 66, 5.0, 2.0, 46, 0.0, 0.0, 38, 3.0, 5.0, 46, 1.0, 2.0, 19
2, 5.0, 2.0, 46, 3.0, 5.0, 45, 3.0, 3.0, 14
4, 8.0, 6.0, 70, 5.0, 2.0, 50, 0.0, 0.0, 49, 3.0, 5.0, 53, 3.0, 3.0, 25
2, 5.0, 2.0, 54, 0.0, 0.0, 44, 3.0, 3.0, 47
4, 8.0, 6.0, 64, 5.0, 2.0, 43, 0.0, 0.0, 34, 3.0, 5.0, 58, 3.0, 3.0, 17
2, 8.0, 6.0, 69, 0.0, 0.0, 53, 3.0, 3.0, 25
2, 8.0, 6.0, 64, 3.0, 5.0, 48, 6.0, 0.0, 31
3, 5.0, 2.0, 36, 0.0, 0.0, 50, 3.0, 5.0, 48, 6.0, 0.0, 22
4, 8.0, 6.0, 66, 5.0, 2.0, 34, 0.0, 0.0, 50, 3.0, 5.0, 45, 6.0, 0.0, 19
4, 8.0, 6.0, 69, 5.0, 2.0, 38, 0.0, 0.0, 39, 3.0, 5.0, 57, 6.0, 0.0, 25
2, 8.0, 6.0, 67, 5.0, 2.0, 41, 6.0, 0.0, 29
3, 8.0, 6.0, 65, 5.0, 2.0, 40, 0.0, 0.0, 53, 8.0, 2.0, 24
4, 8.0, 6.0, 65, 5.0, 2.0, 45, 0.0, 0.0, 48, 3.0, 5.0, 47, 8.0, 2.0, 18
2, 8.0, 6.0, 70, 5.0, 2.0, 53, 8.0, 2.0, 31
4, 8.0, 6.0, 69, 5.0, 2.0, 50, 0.0, 0.0, 48, 3.0, 5.0, 53, 8.0, 2.0, 27
2, 8.0, 6.0, 64, 5.0, 2.0, 51, 8.0, 2.0, 20
3, 8.0, 6.0, 64, 0.0, 0.0, 53, 3.0, 5.0, 58, 8.0, 4.0, 15
2, 8.0, 6.0, 65, 3.0, 5.0, 53, 8.0, 4.0, 19
2, 0.0, 0.0, 46, 3.0, 5.0, 52, 8.0, 4.0, 37
4, 8.0, 6.0, 65, 5.0, 2.0, 51, 0.0, 0.0, 41, 3.0, 5.0, 49, 8.0, 4.0, 16
4, 8.0, 6.0, 68, 5.0, 2.0, 33, 0.0, 0.0, 38, 3.0, 5.0, 55, 8.0, 4.0, 23
2, 8.0, 6.0, 69, 5.0, 2.0, 36, 6.0, 6.0, 25
3, 8.0, 6.0, 70, 5.0, 2.0, 46, 3.0, 5.0, 51, 5.0, 5.0, 22
2, 8.0, 6.0, 69, 3.0, 5.0, 55, 5.0, 5.0, 23
4, 8.0, 6.0, 64, 5.0, 2.0, 39, 0.0, 0.0, 38, 3.0, 5.0, 59, 6.0, 6.0, -1
3, 8.0, 6.0, 69, 5.0, 2.0, 41, 0.0, 0.0, 43, 6.0, 6.0, -1
4, 8.0, 6.0, 70, 5.0, 2.0, 52, 0.0, 0.0, 52, 3.0, 5.0, 48, 6.0, 6.0, -1
3, 5.0, 2.0, 40, 0.0, 0.0, 51, 3.0, 5.0, 52, 6.0, 6.0, -1
2, 8.0, 6.0, 69, 5.0, 2.0, 36, 6.0, 6.0, 25
3, 8.0, 6.0, 70, 5.0, 2.0, 46, 3.0, 5.0, 51, 5.0, 5.0, 22
2, 8.0, 6.0, 69, 3.0, 5.0, 55, 5.0, 5.0, 23
3, 8.0, 6.0, 67, 5.0, 2.0, 49, 0.0, 0.0, 53, 5.0, 5.0, 0
2, 0.0, 0.0, 43, 3.0, 5.0, 56, 5.0, 5.0, 47
3, 8.0, 6.0, 68, 5.0, 2.0, 49, 0.0, 0.0, 48, 5.0, 5.0, 0
2, 0.0, 0.0, 45, 3.0, 5.0, 56, 5.0, 5.0, 47
2, 5.0, 2.0, 52, 0.0, 0.0, 52, 5.0, 5.0, 47
4, 8.0, 6.0, 67, 5.0, 2.0, 47, 0.0, 0.0, 42, 3.0, 5.0, 49, 3.0, 4.0, 0
2, 8.0, 6.0, 68, 5.0, 2.0, 37, 3.0, 4.0, 47
4, 8.0, 6.0, 67, 5.0, 2.0, 55, 0.0, 0.0, 35, 3.0, 5.0, 52, 3.0, 4.0, 0
2, 8.0, 6.0, 65, 0.0, 0.0, 34, 3.0, 4.0, 0
4, 8.0, 6.0, 64, 5.0, 2.0, 43, 0.0, 0.0, 39, 3.0, 5.0, 48, 3.0, 4.0, 0
2, 5.0, 2.0, 55, 3.0, 5.0, 45, 3.0, 4.0, 0
4, 8.0, 6.0, 64, 5.0, 2.0, 46, 0.0, 0.0, 51, 3.0, 5.0, 60, 3.0, 4.0, 0
3, 8.0, 6.0, 65, 0.0, 0.0, 37, 3.0, 5.0, 49, 3.0, 4.0, 17
2, 8.0, 6.0, 69, 5.0, 2.0, 53, 3.0, 4.0, 22
3, 8.0, 6.0, 64, 5.0, 2.0, 39, 3.0, 5.0, 56, 3.0, 4.0, 16
2, 8.0, 6.0, 70, 5.0, 2.0, 45, 0.0, 5.0, 29
3, 8.0, 6.0, 64, 5.0, 2.0, 50, 3.0, 5.0, 59, 0.0, 5.0, 12
4, 8.0, 6.0, 69, 5.0, 2.0, 37, 0.0, 0.0, 35, 3.0, 5.0, 48, 0.0, 5.0, 28
3, 8.0, 6.0, 70, 5.0, 2.0, 49, 0.0, 0.0, 51, 0.0, 5.0, 25
3, 8.0, 6.0, 64, 5.0, 2.0, 33, 0.0, 0.0, 38, 0.0, 5.0, 21
4, 8.0, 6.0, 64, 5.0, 2.0, 33, 0.0, 0.0, 52, 3.0, 5.0, 46, 6.0, 5.0, 0
4, 8.0, 6.0, 70, 5.0, 2.0, 44, 0.0, 0.0, 34, 3.0, 5.0, 54, 6.0, 5.0, 21
4, 8.0, 6.0, 68, 5.0, 2.0, 44, 0.0, 0.0, 49, 3.0, 5.0, 47, 6.0, 5.0, 15
2, 8.0, 6.0, 69, 5.0, 2.0, 53, 6.0, 5.0, 18
2, 5.0, 2.0, 39, 0.0, 0.0, 40, 6.0, 5.0, 31
3, 8.0, 6.0, 67, 5.0, 2.0, 40, 3.0, 5.0, 48, 9.0, 6.0, 0
3, 8.0, 6.0, 66, 5.0, 2.0, 40, 0.0, 0.0, 33, 9.0, 6.0, 12
1, 8.0, 6.0, 66, 9.0, 6.0, 12
2, 0.0, 0.0, 39, 3.0, 5.0, 54, 9.0, 6.0, 35
3, 8.0, 6.0, 66, 0.0, 0.0, 39, 3.0, 5.0, 54, 9.0, 6.0, 11
4, 8.0, 6.0, 65, 5.0, 2.0, 39, 0.0, 0.0, 35, 3.0, 5.0, 59, 8.0, 9.0, 19
4, 8.0, 6.0, 66, 5.0, 2.0, 42, 0.0, 0.0, 45, 3.0, 5.0, 49, 8.0, 9.0, 18
3, 8.0, 6.0, 67, 5.0, 2.0, 49, 3.0, 5.0, 48, 8.0, 9.0, 20
3, 5.0, 2.0, 52, 0.0, 0.0, 39, 3.0, 5.0, 54, 8.0, 9.0, 35
4, 8.0, 6.0, 67, 5.0, 2.0, 41, 0.0, 0.0, 47, 3.0, 5.0, 46, 8.0, 9.0, 19
4, 8.0, 6.0, 67, 5.0, 2.0, 43, 0.0, 0.0, 38, 3.0, 5.0, 46, 7.0, 8.0, 15
3, 8.0, 6.0, 68, 5.0, 2.0, 40, 0.0, 0.0, 51, 7.0, 8.0, 10
3, 8.0, 6.0, 65, 0.0, 0.0, 35, 3.0, 5.0, 60, 7.0, 8.0, 12
3, 8.0, 6.0, 69, 5.0, 2.0, 42, 0.0, 0.0, 35, 7.0, 8.0, 21
4, 8.0, 6.0, 68, 5.0, 2.0, 50, 0.0, 0.0, 34, 3.0, 5.0, 56, 7.0, 8.0, 15
2, 5.0, 2.0, 35, 3.0, 5.0, 60, 6.0, 7.0, 30
3, 8.0, 6.0, 65, 0.0, 0.0, 45, 3.0, 5.0, 53, 6.0, 7.0, 12
4, 8.0, 6.0, 66, 5.0, 2.0, 40, 0.0, 0.0, 51, 3.0, 5.0, 55, 6.0, 7.0, 6
2, 8.0, 6.0, 68, 3.0, 5.0, 46, 6.0, 7.0, 21
2, 5.0, 2.0, 45, 3.0, 5.0, 45, 6.0, 7.0, 20
2, 0.0, 0.0, 42, 3.0, 5.0, 47, 2.0, 8.0, 21
2, 0.0, 0.0, 47, 3.0, 5.0, 58, 2.0, 8.0, 35
3, 5.0, 2.0, 54, 0.0, 0.0, 43, 3.0, 5.0, 47, 2.0, 8.0, 0
3, 8.0, 6.0, 65, 5.0, 2.0, 37, 3.0, 5.0, 50, 2.0, 8.0, 21
2, 5.0, 2.0, 39, 0.0, 0.0, 45, 2.0, 8.0, 32
3, 6.0, 8.0, 65, 3.0, 2.0, 46, 1.0, 7.0, 60, 2.0, 9.0, 9
3, 6.0, 8.0, 67, 3.0, 2.0, 43, 1.0, 7.0, 53, 2.0, 9.0, 21
3, 6.0, 8.0, 66, 3.0, 2.0, 48, 1.0, 7.0, 53, 2.0, 9.0, 12
2, 8.0, 3.0, 53, 1.0, 7.0, 58, 2.0, 9.0, 39
2, 8.0, 3.0, 37, 3.0, 2.0, 39, 2.0, 9.0, 38
3, 6.0, 8.0, 69, 8.0, 3.0, 37, 1.0, 7.0, 60, 1.0, 8.0, 23
3, 6.0, 8.0, 66, 3.0, 2.0, 49, 1.0, 7.0, 57, 1.0, 8.0, 9
2, 6.0, 8.0, 64, 8.0, 3.0, 33, 1.0, 8.0, 15
2, 6.0, 8.0, 68, 1.0, 7.0, 51, 1.0, 8.0, 25
3, 6.0, 8.0, 64, 3.0, 2.0, 41, 1.0, 7.0, 60, 1.0, 8.0, 24
4, 6.0, 8.0, 69, 8.0, 3.0, 53, 3.0, 2.0, 47, 1.0, 7.0, 54, 8.0, 8.0, 16
4, 6.0, 8.0, 67, 8.0, 3.0, 52, 3.0, 2.0, 47, 1.0, 7.0, 51, 8.0, 8.0, 0
2, 6.0, 8.0, 67, 1.0, 7.0, 47, 8.0, 8.0, 21
2, 3.0, 2.0, 42, 1.0, 7.0, 59, 8.0, 8.0, 38
4, 6.0, 8.0, 66, 8.0, 3.0, 52, 3.0, 2.0, 42, 1.0, 7.0, 58, 8.0, 8.0, 0
3, 6.0, 8.0, 71, 8.0, 3.0, 44, 1.0, 7.0, 49, 5.0, 7.0, 21
3, 6.0, 8.0, 68, 3.0, 2.0, 37, 1.0, 7.0, 52, 5.0, 7.0, 18
2, 6.0, 8.0, 70, 3.0, 2.0, 35, 5.0, 7.0, 21
3, 8.0, 3.0, 33, 3.0, 2.0, 50, 1.0, 7.0, 56, 5.0, 7.0, 20
2, 6.0, 8.0, 68, 8.0, 3.0, 51, 5.0, 7.0, 14
2, 8.0, 3.0, 53, 3.0, 2.0, 49, 8.0, 5.0, 40
2, 6.0, 8.0, 72, 1.0, 7.0, 56, 8.0, 5.0, 25
4, 6.0, 8.0, 67, 8.0, 3.0, 33, 3.0, 2.0, 53, 1.0, 7.0, 51, 8.0, 5.0, 7
3, 6.0, 8.0, 70, 3.0, 2.0, 50, 1.0, 7.0, 50, 8.0, 5.0, 20
3, 6.0, 8.0, 71, 8.0, 3.0, 39, 3.0, 2.0, 55, 8.0, 5.0, 20
4, 6.0, 8.0, 72, 8.0, 3.0, 42, 3.0, 2.0, 54, 1.0, 7.0, 47, 6.0, 6.0, 0
2, 3.0, 2.0, 36, 1.0, 7.0, 55, 6.0, 6.0, 34
2, 3.0, 2.0, 34, 1.0, 7.0, 57, 6.0, 6.0, 36
4, 6.0, 8.0, 66, 8.0, 3.0, 46, 3.0, 2.0, 36, 1.0, 7.0, 55, 6.0, 6.0, 16
2, 3.0, 2.0, 45, 1.0, 7.0, 53, 6.0, 6.0, 31
4, 6.0, 8.0, 68, 8.0, 3.0, 54, 3.0, 2.0, 50, 1.0, 7.0, 57, 4.0, 5.0, 0
2, 6.0, 8.0, 69, 1.0, 7.0, 57, 4.0, 5.0, 30
2, 8.0, 3.0, 47, 1.0, 7.0, 52, 4.0, 5.0, 38
3, 6.0, 8.0, 69, 8.0, 3.0, 53, 1.0, 7.0, 49, 4.0, 5.0, 24
4, 6.0, 8.0, 72, 8.0, 3.0, 49, 3.0, 2.0, 33, 1.0, 7.0, 46, 4.0, 5.0, 31
3, 6.0, 8.0, 72, 8.0, 3.0, 49, 3.0, 2.0, 33, 1.0, 3.0, 30
4, 6.0, 8.0, 72, 8.0, 3.0, 37, 3.0, 2.0, 34, 1.0, 7.0, 59, 1.0, 3.0, 31
2, 3.0, 2.0, 47, 1.0, 7.0, 46, 1.0, 3.0, 20
3, 8.0, 3.0, 35, 3.0, 2.0, 54, 1.0, 7.0, 54, 1.0, 3.0, 21
3, 6.0, 8.0, 69, 8.0, 3.0, 54, 1.0, 7.0, 50, 1.0, 3.0, 23
4, 6.0, 8.0, 70, 8.0, 3.0, 34, 3.0, 2.0, 33, 1.0, 7.0, 51, 0.0, 1.0, 30
3, 6.0, 8.0, 66, 8.0, 3.0, 45, 3.0, 2.0, 41, 0.0, 1.0, 33
3, 6.0, 8.0, 67, 8.0, 3.0, 45, 3.0, 2.0, 41, 0.0, 1.0, 35
2, 6.0, 8.0, 68, 3.0, 2.0, 33, 0.0, 1.0, 32
3, 6.0, 8.0, 68, 8.0, 3.0, 41, 3.0, 2.0, 53, 0.0, 1.0, 37
4, 6.0, 8.0, 67, 8.0, 3.0, 46, 3.0, 2.0, 33, 1.0, 7.0, 49, 3.0, 2.0, 12
3, 6.0, 8.0, 67, 3.0, 2.0, 55, 1.0, 7.0, 57, 3.0, 2.0, 25
4, 6.0, 8.0, 71, 8.0, 3.0, 46, 3.0, 2.0, 41, 1.0, 7.0, 54, 3.0, 2.0, 19
3, 6.0, 8.0, 67, 8.0, 3.0, 33, 3.0, 2.0, 34, 3.0, 2.0, 13
2, 6.0, 8.0, 72, 3.0, 2.0, 49, 3.0, 2.0, 26
2, 6.0, 8.0, 69, 8.0, 3.0, 50, 6.0, 1.0, 34
3, 8.0, 3.0, 35, 3.0, 2.0, 45, 1.0, 7.0, 45, 6.0, 1.0, 25
3, 8.0, 3.0, 34, 3.0, 2.0, 51, 1.0, 7.0, 47, 6.0, 1.0, 18
4, 6.0, 8.0, 71, 8.0, 3.0, 47, 3.0, 2.0, 43, 1.0, 7.0, 54, 6.0, 1.0, 37
2, 6.0, 8.0, 71, 8.0, 3.0, 52, 6.0, 1.0, 47
2, 6.0, 8.0, 70, 3.0, 2.0, 54, 9.0, 1.0, 33
2, 6.0, 8.0, 72, 3.0, 2.0, 52, 9.0, 1.0, 36
4, 6.0, 8.0, 71, 8.0, 3.0, 39, 3.0, 2.0, 38, 1.0, 7.0, 57, 9.0, 1.0, 33
3, 8.0, 3.0, 53, 3.0, 2.0, 41, 1.0, 7.0, 55, 9.0, 1.0, 40
4, 6.0, 8.0, 69, 8.0, 3.0, 45, 3.0, 2.0, 43, 1.0, 7.0, 51, 9.0, 1.0, 33
3, 1.0, 1.0, 70, 1.0, 1.0, 46, 1.0, 1.0, 55, 1.0, 1.0, 11
3, 1.0, 1.0, 37, 1.0, 1.0, 52, 1.0, 1.0, 49, 1.0, 1.0, 0
2, 1.0, 1.0, 67, 1.0, 1.0, 58, 1.0, 1.0, 15
2, 1.0, 1.0, 38, 1.0, 1.0, 46, 1.0, 1.0, 0
2, 1.0, 1.0, 49, 1.0, 1.0, 46, 1.0, 1.0, 17
2, 1.0, 1.0, 36, 1.0, 1.0, 58, 1.0, 1.0, 19
2, 1.0, 1.0, 66, 1.0, 1.0, 53, 1.0, 1.0, 10
2, 1.0, 1.0, 53, 1.0, 1.0, 54, 1.0, 1.0, 34
3, 1.0, 1.0, 67, 1.0, 1.0, 47, 1.0, 1.0, 39, 1.0, 1.0, 0
2, 1.0, 1.0, 49, 1.0, 1.0, 60, 1.0, 1.0, 0
2, 1.0, 1.0, 66, 1.0, 1.0, 42, 1.0, 1.0, 0
4, 1.0, 1.0, 67, 1.0, 1.0, 43, 1.0, 1.0, 40, 1.0, 1.0, 46, 1.0, 1.0, 0
1, 1.0, 1.0, 42, 1.0, 1.0, 0
1, 1.0, 1.0, 47, 1.0, 1.0, 15
1, 1.0, 1.0, 41, 1.0, 1.0, 10
1, 1.0, 1.0, 35, 1.0, 1.0, 1
1, 1.0, 1.0, 53, 1.0, 1.0, 25
1, 1.0, 1.0, 53, 1.0, 1.0, 0
1, 1.0, 1.0, 50, 1.0, 1.0, 19
1, 1.0, 1.0, 37, 1.0, 1.0, 4
1, 1.0, 1.0, 46, 1.0, 1.0, 0
1, 1.0, 1.0, 55, 1.0, 1.0, 28
1, 1.0, 1.0, 41, 1.0, 1.0, 16
1, 1.0, 1.0, 51, 1.0, 1.0, 28
