3, 9.0, 1.0, 50, 1.0, 4.0, 44, 2.0, 8.0, 52, 1.0, 2.0, 56
3, 9.0, 1.0, 35, 1.0, 4.0, 42, 2.0, 8.0, 53, 4.0, 2.0, 51
2, 9.0, 1.0, 54, 2.0, 8.0, 58, 6.0, 2.0, 58
4, 9.0, 8.0, 60, 9.0, 1.0, 52, 1.0, 4.0, 40, 2.0, 8.0, 45, 5.0, 5.0, 36
4, 9.0, 8.0, 66, 9.0, 1.0, 53, 1.0, 4.0, 40, 2.;0, 8.0, 55, 5.0, 5.0, 45
4, 9.0, 8.0, 64, 9.0, 1.0, 46, 1.0, 4.0, 54, 2.0, 8.0, 53, 5.0, 5.0, 38
2, 9.0, 8.0, 70, 2.0, 8.0, 59, 4.0, 6.0, 48
3, 9.0, 8.0, 67, 1.0, 4.0, 41, 2.0, 8.0, 55, 2.0, 7.0, 49
3, 9.0, 1.0, 44, 1.0, 4.0, 46, 2.0, 8.0, 53, 2.0, 8.0, 27
4, 9.0, 8.0, 66, 9.0, 1.0, 36, 1.0, 4.0, 49, 2.0, 8.0, 52, 2.0, 8.0, 26
4, 9.0, 8.0, 64, 9.0, 1.0, 43, 1.0, 4.0, 34, 2.0, 8.0, 59, 2.0, 8.0, 36
3, 9.0, 1.0, 49, 1.0, 4.0, 34, 2.0, 8.0, 57, 5.0, 9.0, 60
4, 9.0, 8.0, 66, 9.0, 1.0, 35, 1.0, 4.0, 53, 2.0, 8.0, 50, 7.0, 8.0, 38
4, 9.0, 8.0, 66, 9.0, 1.0, 37, 1.0, 4.0, 35, 2.0, 8.0, 53, 9.0, 7.0, 38
3, 9.0, 8.0, 70, 1.0, 4.0, 44, 2.0, 8.0, 45, 9.0, 8.0, 38
2, 9.0, 1.0, 40, 2.0, 8.0, 57, 9.0, 8.0, 58
3, 9.0, 1.0, 47, 1.0, 4.0, 33, 2.0, 8.0, 50, 9.0, 8.0, 52
2, 9.0, 8.0, 67, 2.0, 8.0, 53, 9.0, 8.0, 36
4, 9.0, 8.0, 68, 9.0, 1.0, 53, 1.0, 4.0, 34, 2.0, 8.0, 52, 9.0, 8.0, 33
2, 9.0, 1.0, 50, 1.0, 4.0, 34, 8.0, 4.0, 64
2, 1.0, 4.0, 53, 2.0, 8.0, 58, 8.0, 4.0, 66
3, 9.0, 8.0, 70, 9.0, 1.0, 40, 2.0, 8.0, 52, 8.0, 4.0, 47
3, 9.0, 8.0, 70, 1.0, 4.0, 54, 2.0, 8.0, 46, 8.0, 4.0, 43
2, 1.0, 4.0, 45, 2.0, 8.0, 53, 8.0, 2.0, 51
2, 9.0, 1.0, 48, 1.0, 4.0, 55, 9.0, 1.0, 36
2, 9.0, 8.0, 68, 1.0, 4.0, 54, 9.0, 1.0, 56
3, 9.0, 8.0, 68, 9.0, 1.0, 50, 1.0, 4.0, 49, 9.0, 1.0, 37
3, 9.0, 8.0, 68, 8.0, 0.0, 43, 3.0, 7.0, 45, 9.0, 0.0, 47
2, 8.0, 7.0, 69, 8.0, 0.0, 48, 9.0, 0.0, 54
3, 8.0, 7.0, 65, 8.0, 0.0, 46, 3.0, 7.0, 59, 9.0, 0.0, 48
2, 8.0, 7.0, 65, 3.0, 7.0, 54, 9.0, 0.0, 50
4, 8.0, 7.0, 66, 8.0, 0.0, 43, 1.0, 3.0, 52, 3.0, 7.0, 55, 8.0, 1.0, 47
3, 8.0, 7.0, 69, 8.0, 0.0, 43, 3.0, 7.0, 60, 8.0, 1.0, 47
2, 8.0, 0.0, 53, 3.0, 7.0, 52, 8.0, 1.0, 55
3, 8.0, 7.0, 67, 1.0, 3.0, 49, 3.0, 7.0, 56, 9.0, 2.0, 46
3, 8.0, 7.0, 66, 8.0, 0.0, 54, 1.0, 3.0, 41, 9.0, 2.0, 41
4, 8.0, 7.0, 69, 8.0, 0.0, 44, 1.0, 3.0, 49, 3.0, 7.0, 55, 9.0, 2.0, 49
3, 8.0, 7.0, 70, 8.0, 0.0, 51, 3.0, 7.0, 51, 8.0, 3.0, 54
2, 8.0, 7.0, 70, 3.0, 7.0, 55, 8.0, 3.0, 54
3, 8.0, 7.0, 65, 1.0, 3.0, 47, 3.0, 7.0, 52, 8.0, 3.0, 49
3, 8.0, 0.0, 47, 1.0, 3.0, 48, 3.0, 7.0, 60, 9.0, 4.0, 59
3, 8.0, 7.0, 66, 8.0, 0.0, 38, 3.0, 7.0, 48, 9.0, 4.0, 44
2, 8.0, 7.0, 70, 8.0, 0.0, 51, 9.0, 4.0, 52
4, 8.0, 7.0, 69, 8.0, 0.0, 37, 1.0, 3.0, 41, 3.0, 7.0, 59, 9.0, 4.0, 51
3, 8.0, 7.0, 67, 1.0, 3.0, 41, 3.0, 7.0, 45, 9.0, 4.0, 40
3, 8.0, 0.0, 40, 1.0, 3.0, 35, 3.0, 7.0, 51, 7.0, 4.0, 47
3, 8.0, 0.0, 55, 1.0, 3.0, 37, 3.0, 7.0, 58, 7.0, 4.0, 56
2, 8.0, 7.0, 68, 3.0, 7.0, 58, 7.0, 4.0, 47
2, 8.0, 7.0, 70, 1.0, 3.0, 40, 7.0, 7.0, 49
3, 8.0, 7.0, 69, 8.0, 0.0, 46, 3.0, 7.0, 50, 7.0, 7.0, 48
2, 1.0, 3.0, 34, 3.0, 7.0, 59, 7.0, 7.0, 64
2, 8.0, 7.0, 67, 1.0, 3.0, 47, 8.0, 9.0, 48
3, 8.0, 7.0, 69, 8.0, 0.0, 49, 1.0, 3.0, 54, 8.0, 9.0, 53
4, 8.0, 7.0, 66, 8.0, 0.0, 55, 1.0, 3.0, 42, 3.0, 7.0, 56, 8.0, 9.0, 48
4, 8.0, 7.0, 64, 8.0, 0.0, 54, 1.0, 3.0, 38, 3.0, 7.0, 60, 5.0, 9.0, 53
2, 1.0, 3.0, 46, 3.0, 7.0, 54, 5.0, 9.0, 61
4, 8.0, 7.0, 66, 8.0, 0.0, 54, 1.0, 3.0, 53, 3.0, 7.0, 57, 5.0, 9.0, 56
3, 8.0, 7.0, 70, 8.0, 0.0, 49, 3.0, 7.0, 46, 3.0, 6.0, 42
4, 8.0, 7.0, 66, 8.0, 0.0, 38, 1.0, 3.0, 37, 3.0, 7.0, 60, 3.0, 6.0, 55
3, 8.0, 0.0, 41, 1.0, 3.0, 35, 3.0, 7.0, 48, 3.0, 6.0, 47
4, 8.0, 7.0, 67, 8.0, 0.0, 38, 1.0, 3.0, 36, 3.0, 7.0, 51, 4.0, 3.0, 43
2, 1.0, 3.0, 46, 3.0, 7.0, 60, 4.0, 3.0, 53
2, 8.0, 0.0, 50, 1.0, 3.0, 44, 0.0, 3.0, 69
4, 8.0, 7.0, 68, 8.0, 0.0, 46, 1.0, 3.0, 50, 3.0, 7.0, 50, 0.0, 3.0, 58
4, 8.0, 7.0, 69, 8.0, 0.0, 37, 1.0, 3.0, 50, 3.0, 7.0, 57, 0.0, 3.0, 53
2, 8.0, 7.0, 65, 8.0, 0.0, 50, 0.0, 8.0, 61
4, 8.0, 7.0, 64, 8.0, 0.0, 45, 1.0, 3.0, 42, 3.0, 7.0, 55, 0.0, 8.0, 55
3, 8.0, 7.0, 70, 8.0, 0.0, 48, 1.0, 3.0, 43, 0.0, 8.0, 67
2, 7.0, 2.0, 34, 0.0, 4.0, 47, 0.0, 2.0, 51
2, 7.0, 2.0, 51, 1.0, 9.0, 53, 0.0, 2.0, 59
2, 0.0, 4.0, 44, 1.0, 9.0, 46, 2.0, 3.0, 45
3, 6.0, 6.0, 70, 7.0, 2.0, 55, 1.0, 9.0, 58, 2.0, 3.0, 61
3, 6.0, 6.0, 65, 7.0, 2.0, 53, 0.0, 4.0, 48, 2.0, 3.0, 51
4, 6.0, 6.0, 70, 7.0, 2.0, 52, 0.0, 4.0, 50, 1.0, 9.0, 57, 2.0, 3.0, 59
2, 6.0, 6.0, 64, 1.0, 9.0, 60, 3.0, 2.0, 46
2, 6.0, 6.0, 67, 0.0, 4.0, 39, 3.0, 2.0, 51
3, 6.0, 6.0, 68, 7.0, 2.0, 53, 0.0, 4.0, 51, 3.0, 2.0, 48
4, 6.0, 6.0, 67, 7.0, 2.0, 42, 0.0, 4.0, 33, 1.0, 9.0, 51, 5.0, 3.0, 45
2, 6.0, 6.0, 64, 0.0, 4.0, 44, 5.0, 3.0, 41
4, 6.0, 6.0, 70, 7.0, 2.0, 40, 0.0, 4.0, 33, 1.0, 9.0, 52, 5.0, 3.0, 46
4, 6.0, 6.0, 67, 7.0, 2.0, 49, 0.0, 4.0, 33, 1.0, 9.0, 51, 6.0, 1.0, 49
2, 6.0, 6.0, 69, 0.0, 4.0, 36, 6.0, 1.0, 58
3, 7.0, 2.0, 37, 0.0, 4.0, 52, 1.0, 9.0, 53, 6.0, 1.0, 38
2, 6.0, 6.0, 65, 7.0, 2.0, 46, 8.0, 0.0, 46
2, 0.0, 4.0, 42, 1.0, 9.0, 60, 8.0, 0.0, 64
2, 6.0, 6.0, 66, 7.0, 2.0, 47, 8.0, 0.0, 47
2, 0.0, 4.0, 43, 1.0, 9.0, 53, 9.0, 3.0, 70
3, 6.0, 6.0, 70, 7.0, 2.0, 40, 1.0, 9.0, 60, 9.0, 3.0, 55
2, 6.0, 6.0, 65, 7.0, 2.0, 33, 9.0, 3.0, 47
4, 6.0, 6.0, 70, 7.0, 2.0, 48, 0.0, 4.0, 49, 1.0, 9.0, 53, 7.0, 4.0, 45
4, 6.0, 6.0, 65, 7.0, 2.0, 34, 0.0, 4.0, 43, 1.0, 9.0, 57, 7.0, 4.0, 40
2, 0.0, 4.0, 44, 1.0, 9.0, 46, 7.0, 4.0, 52
3, 6.0, 6.0, 68, 0.0, 4.0, 33, 1.0, 9.0, 55, 5.0, 5.0, 47
2, 6.0, 6.0, 68, 1.0, 9.0, 54, 5.0, 5.0, 47
2, 6.0, 6.0, 68, 7.0, 2.0, 44, 5.0, 5.0, 47
2, 6.0, 6.0, 67, 7.0, 2.0, 41, 3.0, 4.0, 52
2, 7.0, 2.0, 46, 0.0, 4.0, 47, 3.0, 4.0, 57
2, 6.0, 6.0, 68, 0.0, 4.0, 48, 3.0, 4.0, 55
2, 7.0, 2.0, 34, 1.0, 9.0, 54, 1.0, 5.0, 45
3, 6.0, 6.0, 70, 7.0, 2.0, 43, 0.0, 4.0, 35, 1.0, 5.0, 45
3, 6.0, 6.0, 70, 0.0, 4.0, 40, 1.0, 9.0, 48, 1.0, 5.0, 51
3, 6.0, 6.0, 64, 0.0, 4.0, 44, 1.0, 9.0, 45, 0.0, 6.0, 37
4, 6.0, 6.0, 67, 7.0, 2.0, 50, 0.0, 4.0, 37, 1.0, 9.0, 48, 0.0, 6.0, 42
3, 6.0, 6.0, 68, 7.0, 2.0, 36, 1.0, 9.0, 54, 0.0, 6.0, 50
4, 6.0, 6.0, 64, 7.0, 2.0, 38, 0.0, 4.0, 40, 1.0, 9.0, 48, 1.0, 8.0, 36
4, 6.0, 6.0, 64, 7.0, 2.0, 48, 0.0, 4.0, 39, 1.0, 9.0, 57, 1.0, 8.0, 45
3, 6.0, 6.0, 67, 0.0, 4.0, 42, 1.0, 9.0, 46, 1.0, 8.0, 32
2, 0.0, 4.0, 44, 1.0, 9.0, 45, 2.0, 7.0, 28
3, 6.0, 6.0, 69, 7.0, 2.0, 55, 0.0, 4.0, 50, 2.0, 7.0, 49
3, 6.0, 6.0, 69, 7.0, 2.0, 50, 1.0, 9.0, 48, 2.0, 7.0, 34
4, 6.0, 6.0, 69, 7.0, 2.0, 40, 0.0, 4.0, 39, 1.0, 9.0, 58, 4.0, 9.0, 53
2, 0.0, 4.0, 54, 1.0, 9.0, 53, 4.0, 9.0, 40
2, 7.0, 2.0, 36, 1.0, 9.0, 51, 4.0, 9.0, 53
2, 6.0, 6.0, 64, 0.0, 4.0, 55, 5.0, 7.0, 40
2, 0.0, 4.0, 34, 1.0, 9.0, 57, 5.0, 7.0, 55
3, 7.0, 2.0, 51, 0.0, 4.0, 35, 1.0, 9.0, 55, 5.0, 7.0, 52
2, 7.0, 2.0, 34, 1.0, 9.0, 52, 7.0, 8.0, 59
3, 6.0, 6.0, 70, 7.0, 2.0, 37, 0.0, 4.0, 36, 7.0, 8.0, 61
3, 6.0, 6.0, 64, 7.0, 2.0, 34, 1.0, 9.0, 59, 7.0, 8.0, 57
2, 0.0, 4.0, 44, 1.0, 9.0, 50, 9.0, 8.0, 60
3, 6.0, 6.0, 67, 7.0, 2.0, 49, 0.0, 4.0, 37, 9.0, 8.0, 59
2, 6.0, 1.0, 51, 3.0, 6.0, 55, 9.0, 8.0, 51
2, 7.0, 8.0, 64, 3.0, 6.0, 57, 9.0, 8.0, 48
2, 1.0, 2.0, 47, 3.0, 6.0, 55, 9.0, 8.0, 52
3, 7.0, 8.0, 68, 6.0, 1.0, 53, 1.0, 2.0, 53, 9.0, 8.0, 52
3, 7.0, 8.0, 68, 6.0, 1.0, 40, 1.0, 2.0, 48, 9.0, 8.0, 54
2, 7.0, 8.0, 69, 1.0, 2.0, 40, 7.0, 8.0, 33
2, 7.0, 8.0, 70, 1.0, 2.0, 44, 7.0, 8.0, 35
3, 7.0, 8.0, 65, 6.0, 1.0, 47, 1.0, 2.0, 51, 7.0, 8.0, 26
3, 7.0, 8.0, 65, 6.0, 1.0, 54, 1.0, 2.0, 34, 7.0, 8.0, 28
3, 6.0, 1.0, 53, 1.0, 2.0, 41, 3.0, 6.0, 57, 7.0, 8.0, 58
4, 7.0, 8.0, 64, 6.0, 1.0, 52, 1.0, 2.0, 36, 3.0, 6.0, 59, 4.0, 7.0, 44
4, 7.0, 8.0, 67, 6.0, 1.0, 39, 1.0, 2.0, 43, 3.0, 6.0, 53, 4.0, 7.0, 48
4, 7.0, 8.0, 69, 6.0, 1.0, 42, 1.0, 2.0, 42, 3.0, 6.0, 48, 4.0, 7.0, 40
4, 7.0, 8.0, 70, 6.0, 1.0, 46, 1.0, 2.0, 39, 3.0, 6.0, 51, 4.0, 7.0, 45
3, 6.0, 1.0, 45, 1.0, 2.0, 52, 3.0, 6.0, 56, 4.0, 7.0, 49
2, 7.0, 8.0, 64, 6.0, 1.0, 44, 0.0, 7.0, 58
4, 7.0, 8.0, 69, 6.0, 1.0, 37, 1.0, 2.0, 41, 3.0, 6.0, 55, 0.0, 7.0, 54
3, 7.0, 8.0, 70, 1.0, 2.0, 37, 3.0, 6.0, 55, 0.0, 7.0, 54
2, 6.0, 1.0, 37, 3.0, 6.0, 50, 1.0, 4.0, 52
4, 7.0, 8.0, 65, 6.0, 1.0, 47, 1.0, 2.0, 41, 3.0, 6.0, 54, 1.0, 4.0, 55
3, 7.0, 8.0, 70, 6.0, 1.0, 53, 1.0, 2.0, 35, 1.0, 4.0, 54
3, 7.0, 8.0, 68, 6.0, 1.0, 41, 3.0, 6.0, 48, 1.0, 4.0, 50
4, 7.0, 8.0, 65, 6.0, 1.0, 40, 1.0, 2.0, 42, 3.0, 6.0, 57, 1.0, 4.0, 58
4, 7.0, 8.0, 69, 6.0, 1.0, 55, 1.0, 2.0, 36, 3.0, 6.0, 54, 4.0, 4.0, 37
3, 7.0, 8.0, 66, 1.0, 2.0, 52, 3.0, 6.0, 59, 4.0, 4.0, 44
4, 7.0, 8.0, 65, 6.0, 1.0, 41, 1.0, 2.0, 46, 3.0, 6.0, 49, 4.0, 4.0, 34
4, 7.0, 8.0, 67, 6.0, 1.0, 51, 1.0, 2.0, 45, 3.0, 6.0, 55, 4.0, 4.0, 40
2, 6.0, 1.0, 55, 1.0, 2.0, 33, 4.0, 4.0, 67
3, 7.0, 8.0, 66, 6.0, 1.0, 43, 3.0, 6.0, 55, 6.0, 5.0, 44
3, 7.0, 8.0, 67, 1.0, 2.0, 53, 3.0, 6.0, 58, 6.0, 5.0, 42
4, 7.0, 8.0, 64, 6.0, 1.0, 41, 1.0, 2.0, 50, 3.0, 6.0, 56, 6.0, 5.0, 38
2, 6.0, 1.0, 39, 1.0, 2.0, 53, 6.0, 5.0, 48
2, 6.0, 1.0, 48, 1.0, 2.0, 39, 6.0, 5.0, 64
3, 7.0, 8.0, 64, 6.0, 1.0, 36, 3.0, 6.0, 58, 8.0, 3.0, 45
2, 7.0, 8.0, 65, 6.0, 1.0, 41, 8.0, 3.0, 46
4, 7.0, 8.0, 66, 6.0, 1.0, 49, 1.0, 2.0, 38, 3.0, 6.0, 55, 8.0, 3.0, 47
4, 7.0, 8.0, 67, 6.0, 1.0, 43, 1.0, 2.0, 52, 3.0, 6.0, 59, 8.0, 3.0, 47
3, 6.0, 1.0, 40, 1.0, 2.0, 54, 3.0, 6.0, 52, 8.0, 3.0, 47
4, 7.0, 8.0, 67, 6.0, 1.0, 55, 1.0, 2.0, 43, 3.0, 6.0, 60, 9.0, 1.0, 51
2, 1.0, 2.0, 38, 3.0, 6.0, 52, 9.0, 1.0, 57
2, 7.0, 8.0, 68, 6.0, 1.0, 39, 9.0, 1.0, 47
2, 7.0, 8.0, 69, 6.0, 1.0, 53, 9.0, 1.0, 54
3, 7.0, 8.0, 66, 6.0, 1.0, 55, 3.0, 6.0, 53, 9.0, 1.0, 50
3, 7.0, 8.0, 69, 6.0, 1.0, 52, 1.0, 2.0, 53, 6.0, 0.0, 64
4, 7.0, 8.0, 69, 6.0, 1.0, 49, 1.0, 2.0, 42, 3.0, 6.0, 48, 6.0, 0.0, 36
2, 1.0, 2.0, 45, 3.0, 6.0, 60, 6.0, 0.0, 57
2, 7.0, 8.0, 67, 3.0, 6.0, 49, 6.0, 0.0, 44
3, 7.0, 8.0, 70, 6.0, 1.0, 34, 3.0, 6.0, 49, 6.0, 0.0, 44
2, 6.0, 1.0, 34, 3.0, 6.0, 54, 3.0, 2.0, 47
4, 7.0, 8.0, 65, 6.0, 1.0, 43, 1.0, 2.0, 33, 3.0, 6.0, 55, 3.0, 2.0, 49
3, 6.0, 1.0, 50, 1.0, 2.0, 44, 3.0, 6.0, 49, 3.0, 2.0, 34
3, 7.0, 8.0, 68, 1.0, 2.0, 40, 3.0, 6.0, 45, 3.0, 2.0, 37
2, 7.0, 8.0, 70, 1.0, 2.0, 43, 3.0, 2.0, 57
2, 6.0, 1.0, 52, 1.0, 2.0, 39, 0.0, 0.0, 48
2, 7.0, 8.0, 66, 1.0, 2.0, 40, 0.0, 0.0, 49
3, 7.0, 8.0, 65, 6.0, 1.0, 40, 1.0, 2.0, 54, 0.0, 0.0, 53
2, 7.0, 8.0, 68, 1.0, 2.0, 44, 0.0, 0.0, 53
3, 6.0, 1.0, 35, 1.0, 2.0, 38, 3.0, 6.0, 45, 0.0, 0.0, 42
2, 8.0, 6.0, 66, 0.0, 0.0, 51, 1.0, 2.0, 47
3, 5.0, 2.0, 43, 0.0, 0.0, 34, 3.0, 5.0, 45, 1.0, 2.0, 41
3, 8.0, 6.0, 66, 5.0, 2.0, 48, 0.0, 0.0, 54, 1.0, 2.0, 45
4, 8.0, 6.0, 69, 5.0, 2.0, 35, 0.0, 0.0, 42, 3.0, 5.0, 60, 1.0, 2.0, 51
4, 8.0, 6.0, 66, 5.0, 2.0, 46, 0.0, 0.0, 38, 3.0, 5.0, 46, 1.0, 2.0, 41
2, 5.0, 2.0, 46, 3.0, 5.0, 45, 3.0, 3.0, 36
4, 8.0, 6.0, 70, 5.0, 2.0, 50, 0.0, 0.0, 49, 3.0, 5.0, 53, 3.0, 3.0, 47
4, 8.0, 6.0, 64, 5.0, 2.0, 43, 0.0, 0.0, 34, 3.0, 5.0, 58, 3.0, 3.0, 39
2, 8.0, 6.0, 69, 0.0, 0.0, 53, 3.0, 3.0, 47
2, 8.0, 6.0, 64, 3.0, 5.0, 48, 6.0, 0.0, 53
3, 5.0, 2.0, 36, 0.0, 0.0, 50, 3.0, 5.0, 48, 6.0, 0.0, 44
4, 8.0, 6.0, 66, 5.0, 2.0, 34, 0.0, 0.0, 50, 3.0, 5.0, 45, 6.0, 0.0, 41
4, 8.0, 6.0, 69, 5.0, 2.0, 38, 0.0, 0.0, 39, 3.0, 5.0, 57, 6.0, 0.0, 47
2, 8.0, 6.0, 67, 5.0, 2.0, 41, 6.0, 0.0, 51
3, 8.0, 6.0, 65, 5.0, 2.0, 40, 0.0, 0.0, 53, 8.0, 2.0, 46
4, 8.0, 6.0, 65, 5.0, 2.0, 45, 0.0, 0.0, 48, 3.0, 5.0, 47, 8.0, 2.0, 40
2, 8.0, 6.0, 70, 5.0, 2.0, 53, 8.0, 2.0, 53
4, 8.0, 6.0, 69, 5.0, 2.0, 50, 0.0, 0.0, 48, 3.0, 5.0, 53, 8.0, 2.0, 49
2, 8.0, 6.0, 64, 5.0, 2.0, 51, 8.0, 2.0, 42
3, 8.0, 6.0, 64, 0.0, 0.0, 53, 3.0, 5.0, 58, 8.0, 4.0, 37
2, 8.0, 6.0, 65, 3.0, 5.0, 53, 8.0, 4.0, 41
2, 0.0, 0.0, 46, 3.0, 5.0, 52, 8.0, 4.0, 59
4, 8.0, 6.0, 65, 5.0, 2.0, 51, 0.0, 0.0, 41, 3.0, 5.0, 49, 8.0, 4.0, 38
4, 8.0, 6.0, 68, 5.0, 2.0, 33, 0.0, 0.0, 38, 3.0, 5.0, 55, 8.0, 4.0, 45
2, 8.0, 6.0, 69, 5.0, 2.0, 36, 6.0, 6.0, 47
3, 8.0, 6.0, 70, 5.0, 2.0, 46, 3.0, 5.0, 51, 5.0, 5.0, 44
2, 8.0, 6.0, 69, 3.0, 5.0, 55, 5.0, 5.0, 45
2, 8.0, 6.0, 69, 5.0, 2.0, 36, 6.0, 6.0, 47
3, 8.0, 6.0, 70, 5.0, 2.0, 46, 3.0, 5.0, 51, 5.0, 5.0, 44
2, 8.0, 6.0, 69, 3.0, 5.0, 55, 5.0, 5.0, 45
3, 8.0, 6.0, 65, 0.0, 0.0, 37, 3.0, 5.0, 49, 3.0, 4.0, 39
2, 8.0, 6.0, 69, 5.0, 2.0, 53, 3.0, 4.0, 44
3, 8.0, 6.0, 64, 5.0, 2.0, 39, 3.0, 5.0, 56, 3.0, 4.0, 38
2, 8.0, 6.0, 70, 5.0, 2.0, 45, 0.0, 5.0, 51
3, 8.0, 6.0, 64, 5.0, 2.0, 50, 3.0, 5.0, 59, 0.0, 5.0, 34
4, 8.0, 6.0, 69, 5.0, 2.0, 37, 0.0, 0.0, 35, 3.0, 5.0, 48, 0.0, 5.0, 50
3, 8.0, 6.0, 70, 5.0, 2.0, 49, 0.0, 0.0, 51, 0.0, 5.0, 47
3, 8.0, 6.0, 64, 5.0, 2.0, 33, 0.0, 0.0, 38, 0.0, 5.0, 43
4, 8.0, 6.0, 70, 5.0, 2.0, 44, 0.0, 0.0, 34, 3.0, 5.0, 54, 6.0, 5.0, 43
4, 8.0, 6.0, 68, 5.0, 2.0, 44, 0.0, 0.0, 49, 3.0, 5.0, 47, 6.0, 5.0, 37
2, 8.0, 6.0, 69, 5.0, 2.0, 53, 6.0, 5.0, 40
2, 5.0, 2.0, 39, 0.0, 0.0, 40, 6.0, 5.0, 53
3, 8.0, 6.0, 66, 5.0, 2.0, 40, 0.0, 0.0, 33, 9.0, 6.0, 34
1, 8.0, 6.0, 66, 9.0, 6.0, 34
2, 0.0, 0.0, 39, 3.0, 5.0, 54, 9.0, 6.0, 57
3, 8.0, 6.0, 66, 0.0, 0.0, 39, 3.0, 5.0, 54, 9.0, 6.0, 33
4, 8.0, 6.0, 65, 5.0, 2.0, 39, 0.0, 0.0, 35, 3.0, 5.0, 59, 8.0, 9.0, 41
4, 8.0, 6.0, 66, 5.0, 2.0, 42, 0.0, 0.0, 45, 3.0, 5.0, 49, 8.0, 9.0, 40
3, 8.0, 6.0, 67, 5.0, 2.0, 49, 3.0, 5.0, 48, 8.0, 9.0, 42
3, 5.0, 2.0, 52, 0.0, 0.0, 39, 3.0, 5.0, 54, 8.0, 9.0, 57
4, 8.0, 6.0, 67, 5.0, 2.0, 41, 0.0, 0.0, 47, 3.0, 5.0, 46, 8.0, 9.0, 41
4, 8.0, 6.0, 67, 5.0, 2.0, 43, 0.0, 0.0, 38, 3.0, 5.0, 46, 7.0, 8.0, 37
3, 8.0, 6.0, 68, 5.0, 2.0, 40, 0.0, 0.0, 51, 7.0, 8.0, 32
3, 8.0, 6.0, 65, 0.0, 0.0, 35, 3.0, 5.0, 60, 7.0, 8.0, 34
3, 8.0, 6.0, 69, 5.0, 2.0, 42, 0.0, 0.0, 35, 7.0, 8.0, 43
4, 8.0, 6.0, 68, 5.0, 2.0, 50, 0.0, 0.0, 34, 3.0, 5.0, 56, 7.0, 8.0, 37
2, 5.0, 2.0, 35, 3.0, 5.0, 60, 6.0, 7.0, 52
3, 8.0, 6.0, 65, 0.0, 0.0, 45, 3.0, 5.0, 53, 6.0, 7.0, 34
4, 8.0, 6.0, 66, 5.0, 2.0, 40, 0.0, 0.0, 51, 3.0, 5.0, 55, 6.0, 7.0, 27
2, 8.0, 6.0, 68, 3.0, 5.0, 46, 6.0, 7.0, 43
2, 5.0, 2.0, 45, 3.0, 5.0, 45, 6.0, 7.0, 42
2, 0.0, 0.0, 42, 3.0, 5.0, 47, 2.0, 8.0, 43
2, 0.0, 0.0, 47, 3.0, 5.0, 58, 2.0, 8.0, 57
3, 8.0, 6.0, 65, 5.0, 2.0, 37, 3.0, 5.0, 50, 2.0, 8.0, 43
2, 5.0, 2.0, 39, 0.0, 0.0, 45, 2.0, 8.0, 54
3, 6.0, 8.0, 65, 3.0, 2.0, 46, 1.0, 7.0, 60, 2.0, 9.0, 31
3, 6.0, 8.0, 67, 3.0, 2.0, 43, 1.0, 7.0, 53, 2.0, 9.0, 43
3, 6.0, 8.0, 66, 3.0, 2.0, 48, 1.0, 7.0, 53, 2.0, 9.0, 34
2, 8.0, 3.0, 53, 1.0, 7.0, 58, 2.0, 9.0, 61
2, 8.0, 3.0, 37, 3.0, 2.0, 39, 2.0, 9.0, 60
3, 6.0, 8.0, 69, 8.0, 3.0, 37, 1.0, 7.0, 60, 1.0, 8.0, 45
3, 6.0, 8.0, 66, 3.0, 2.0, 49, 1.0, 7.0, 57, 1.0, 8.0, 31
2, 6.0, 8.0, 64, 8.0, 3.0, 33, 1.0, 8.0, 37
2, 6.0, 8.0, 68, 1.0, 7.0, 51, 1.0, 8.0, 47
3, 6.0, 8.0, 64, 3.0, 2.0, 41, 1.0, 7.0, 60, 1.0, 8.0, 46
4, 6.0, 8.0, 69, 8.0, 3.0, 53, 3.0, 2.0, 47, 1.0, 7.0, 54, 8.0, 8.0, 38
2, 6.0, 8.0, 67, 1.0, 7.0, 47, 8.0, 8.0, 43
2, 3.0, 2.0, 42, 1.0, 7.0, 59, 8.0, 8.0, 60
3, 6.0, 8.0, 71, 8.0, 3.0, 44, 1.0, 7.0, 49, 5.0, 7.0, 43
3, 6.0, 8.0, 68, 3.0, 2.0, 37, 1.0, 7.0, 52, 5.0, 7.0, 40
2, 6.0, 8.0, 70, 3.0, 2.0, 35, 5.0, 7.0, 43
3, 8.0, 3.0, 33, 3.0, 2.0, 50, 1.0, 7.0, 56, 5.0, 7.0, 42
2, 6.0, 8.0, 68, 8.0, 3.0, 51, 5.0, 7.0, 36
2, 8.0, 3.0, 53, 3.0, 2.0, 49, 8.0, 5.0, 62
2, 6.0, 8.0, 72, 1.0, 7.0, 56, 8.0, 5.0, 47
4, 6.0, 8.0, 67, 8.0, 3.0, 33, 3.0, 2.0, 53, 1.0, 7.0, 51, 8.0, 5.0, 28
3, 6.0, 8.0, 70, 3.0, 2.0, 50, 1.0, 7.0, 50, 8.0, 5.0, 42
3, 6.0, 8.0, 71, 8.0, 3.0, 39, 3.0, 2.0, 55, 8.0, 5.0, 42
2, 3.0, 2.0, 36, 1.0, 7.0, 55, 6.0, 6.0, 56
2, 3.0, 2.0, 34, 1.0, 7.0, 57, 6.0, 6.0, 58
4, 6.0, 8.0, 66, 8.0, 3.0, 46, 3.0, 2.0, 36, 1.0, 7.0, 55, 6.0, 6.0, 38
2, 3.0, 2.0, 45, 1.0, 7.0, 53, 6.0, 6.0, 53
2, 6.0, 8.0, 69, 1.0, 7.0, 57, 4.0, 5.0, 52
2, 8.0, 3.0, 47, 1.0, 7.0, 52, 4.0, 5.0, 60
3, 6.0, 8.0, 69, 8.0, 3.0, 53, 1.0, 7.0, 49, 4.0, 5.0, 46
4, 6.0, 8.0, 72, 8.0, 3.0, 49, 3.0, 2.0, 33, 1.0, 7.0, 46, 4.0, 5.0, 53
3, 6.0, 8.0, 72, 8.0, 3.0, 49, 3.0, 2.0, 33, 1.0, 3.0, 52
4, 6.0, 8.0, 72, 8.0, 3.0, 37, 3.0, 2.0, 34, 1.0, 7.0, 59, 1.0, 3.0, 53
2, 3.0, 2.0, 47, 1.0, 7.0, 46, 1.0, 3.0, 42
3, 8.0, 3.0, 35, 3.0, 2.0, 54, 1.0, 7.0, 54, 1.0, 3.0, 43
3, 6.0, 8.0, 69, 8.0, 3.0, 54, 1.0, 7.0, 50, 1.0, 3.0, 45
4, 6.0, 8.0, 70, 8.0, 3.0, 34, 3.0, 2.0, 33, 1.0, 7.0, 51, 0.0, 1.0, 52
3, 6.0, 8.0, 66, 8.0, 3.0, 45, 3.0, 2.0, 41, 0.0, 1.0, 55
3, 6.0, 8.0, 67, 8.0, 3.0, 45, 3.0, 2.0, 41, 0.0, 1.0, 57
2, 6.0, 8.0, 68, 3.0, 2.0, 33, 0.0, 1.0, 54
3, 6.0, 8.0, 68, 8.0, 3.0, 41, 3.0, 2.0, 53, 0.0, 1.0, 59
4, 6.0, 8.0, 67, 8.0, 3.0, 46, 3.0, 2.0, 33, 1.0, 7.0, 49, 3.0, 2.0, 34
3, 6.0, 8.0, 67, 3.0, 2.0, 55, 1.0, 7.0, 57, 3.0, 2.0, 47
4, 6.0, 8.0, 71, 8.0, 3.0, 46, 3.0, 2.0, 41, 1.0, 7.0, 54, 3.0, 2.0, 41
3, 6.0, 8.0, 67, 8.0, 3.0, 33, 3.0, 2.0, 34, 3.0, 2.0, 35
2, 6.0, 8.0, 72, 3.0, 2.0, 49, 3.0, 2.0, 48
2, 6.0, 8.0, 69, 8.0, 3.0, 50, 6.0, 1.0, 56
3, 8.0, 3.0, 35, 3.0, 2.0, 45, 1.0, 7.0, 45, 6.0, 1.0, 47
3, 8.0, 3.0, 34, 3.0, 2.0, 51, 1.0, 7.0, 47, 6.0, 1.0, 40
4, 6.0, 8.0, 71, 8.0, 3.0, 47, 3.0, 2.0, 43, 1.0, 7.0, 54, 6.0, 1.0, 59
2, 6.0, 8.0, 70, 3.0, 2.0, 54, 9.0, 1.0, 55
2, 6.0, 8.0, 72, 3.0, 2.0, 52, 9.0, 1.0, 58
4, 6.0, 8.0, 71, 8.0, 3.0, 39, 3.0, 2.0, 38, 1.0, 7.0, 57, 9.0, 1.0, 55
3, 8.0, 3.0, 53, 3.0, 2.0, 41, 1.0, 7.0, 55, 9.0, 1.0, 62
4, 6.0, 8.0, 69, 8.0, 3.0, 45, 3.0, 2.0, 43, 1.0, 7.0, 51, 9.0, 1.0, 55
