# 101   102     104     105     110     120     130     140     150     158     160     166     170    180     188   190     200     210
-47.76, -48.15, -48.23, -48.35, -47.77, -46.47, -42.33, -48.40, -47.31, -47.95, -47.23, -47.97, -33.47, -47.85, nan, -43.93, -47.51, -40.12, 8.0, 8.0, 28
-48.10, -48.11, -47.93, -47.08, -47.09, -45.37, -43.20, -48.39, -48.09, -47.74, -42.29, -47.75, -39.83, -48.30, nan, -47.63, -48.27, -45.14, 8.0, 8.0, 0
-47.82, -48.16, -48.25, -48.38, -44.44, -40.87, -43.14, -48.41, -47.46, -45.93, -47.68, -46.61, -34.28, -48.07, nan, -44.98, -47.55, -40.23, 8.0, 8.0, 37
-47.65, -48.06, -48.19, -48.20, -47.61, -46.17, -41.73, -48.41, -47.11, -47.81, -46.27, -47.88, -33.23, -47.47, nan, -44.32, -47.47, -39.51, 8.0, 8.0, 45
-48.15, -48.15, -48.20, -47.74, -44.96, -42.08, -39.48, -48.42, -47.81, -46.40, -45.14, -46.78, -43.42, -48.32, nan, -47.71, -48.26, -40.53, 9.0, 9.0, 44
-48.21, -48.28, -48.30, -47.84, -47.17, -45.74, -46.17, -48.41, -48.16, -47.56, -46.76, -47.96, -45.34, -48.27, nan, -46.23, -48.17, -35.54, 9.0, 8.0, 43
-47.55, -48.26, -48.19, -47.78, -47.75, -46.98, -44.37, -48.44, -48.02, -47.88, -44.53, -48.05, -45.32, -47.57, nan, -47.39, -48.00, -39.54, 9.0, 7.0, 37
-44.90, -45.31, -44.14, -45.08, -44.89, -41.58, -48.38, -48.35, -48.17, -45.95, -40.32, -46.63, -48.45, -48.20, nan, -48.35, -48.22, -48.15, 9.0, 6.0, 47
-47.52, -47.67, -47.26, -47.59, -47.76, -46.82, -48.43, -48.39, -48.29, -48.03, -39.31, -48.17, -48.46, -48.35, nan, -48.37, -48.36, -48.32, 9.0, 5.0, 47
-47.87, -48.02, -47.77, -47.97, -47.94, -47.30, -48.46, -48.38, -48.30, -48.11, -40.31, -48.25, -48.47, -48.38, nan, -48.38, -48.39, -48.35, 9.0, 4.0, 47
-48.00, -48.16, -47.94, -48.15, -47.47, -46.20, -48.46, -48.40, -48.30, -47.83, -48.60, -48.12, -48.51, -48.31, nan, -48.36, -48.39, -48.27, 9.0, 3.0, 47
-48.16, -47.35, -48.25, -47.17, -44.28, -40.91, -48.42, -48.37, -48.23, -45.63, -48.53, -46.56, -48.43, -48.28, nan, -48.36, -48.21, -48.04, 9.0, 2.0, 47
-48.25, -47.96, -48.29, -47.94, -47.44, -46.16, -48.42, -48.40, -48.33, -47.87, -48.57, -48.15, -48.45, -48.35, nan, -48.36, -48.33, -48.34, 9.0, 1.0, 47
-48.27, -47.97, -48.26, -47.83, -47.60, -46.30, -48.44, -48.41, -48.33, -47.89, -48.58, -48.17, -48.48, -48.34, nan, -48.35, -48.33, -48.09, 8.0, 2.0, 47
-41.98, -43.66, -43.05, -37.25, -47.25, -45.70, -47.76, -48.40, -48.05, -47.31, -48.48, -47.96, -48.20, -47.94, nan, -48.16, -48.38, -47.12, 8.0, 2.0, 37
-45.34, -45.19, -41.44, -38.13, -47.01, -45.62, -47.99, -48.40, -48.10, -47.54, -48.31, -47.64, -48.35, -48.35, nan, -47.25, -48.35, -47.36, 9.0, 1.0, 35
-44.54, -45.60, -39.68, -38.57, -45.45, -43.06, -47.97, -48.38, -47.95, -46.66, -48.20, -47.29, -48.24, -48.08, nan, -47.32, -48.26, -46.70, 9.0, 1.0, 47
-45.21, -44.70, -34.47, -42.08, -45.59, -45.40, -48.20, -48.37, -48.18, -47.96, -48.29, -48.29, -48.21, -48.28, nan, -48.32, -48.36, -48.17, 9.0, 0.0, 44
-39.94, -44.21, -38.08, -39.09, -41.46, -41.16, -48.37, -48.39, -48.02, -46.84, -48.48, -47.83, -48.37, -48.07, nan, -48.23, -48.08, -47.44, 8.0, 1.0, 38
-39.92, -43.91, -36.10, -38.76, -41.30, -40.85, -48.42, -48.39, -47.98, -46.72, -48.45, -47.85, -48.34, -48.06, nan, -48.16, -48.07, -47.43, 8.0, 1.0, 37
-35.37, -38.87, -46.02, -46.42, -46.78, -44.93, -48.02, -48.39, -48.13, -47.98, -48.06, -47.87, -48.37, -46.33, nan, -47.89, -48.13, -48.24, 6.0, 1.0, 41
-46.18, -46.82, -47.77, -47.87, -41.69, -34.94, -48.34, -48.37, -47.86, -46.30, -48.60, -42.24, -48.32, -47.72, nan, -46.24, -48.25, -48.12, 1.0, 3.0, 35
-45.40, -46.47, -48.22, -47.97, -41.37, -40.66, -48.21, -48.42, -46.92, -43.62, -48.53, -35.22, -48.46, -47.86, nan, -47.78, -48.08, -48.01, 1.0, 4.0, 35
-46.30, -47.09, -48.26, -48.27, -46.20, -42.51, -48.32, -48.39, -47.25, -45.57, -48.59, -36.56, -48.39, -48.13, nan, -47.52, -48.22, -48.33, 1.0, 4.0, 27
-46.92, -47.90, -47.98, -47.34, -46.78, -46.90, -46.46, -48.42, -26.87, -44.00, -48.02, -45.84, -46.99, -38.33, nan, -39.31, -47.30, -47.62, 4.0, 6.0, 34
-47.63, -47.56, -48.21, -47.88, -42.34, -43.36, -47.98, -48.37, -47.85, -46.47, -48.46, -45.93, -47.76, -37.79, nan, -42.90, -28.87, -47.71, 4.0, 9.0, 34
-47.68, -47.62, -48.10, -47.90, -42.93, -43.89, -47.69, -48.39, -42.50, -46.31, -48.58, -46.28, -43.07, -45.24, nan, -32.15, -46.33, -42.04, 5.0, 8.0, 30
---
-48.15, -48.03, -47.93, -48.11, -47.97, -41.23, -48.46, -48.36, -48.27, -47.34, -48.35, -48.31, -48.46, -48.34, nan, -48.30, -48.13, -48.40, 0.0, 2.0, 37
-48.20, -47.95, -48.13, -48.28, -48.04, -41.72, -48.42, -48.39, -48.29, -48.07, -48.37, -47.90, -48.46, -48.34, nan, -48.34, -48.31, -48.37, 0.0, 2.0, 38
-48.22, -47.57, -48.24, -48.38, -47.54, -41.26, -48.39, -48.41, -48.29, -48.20, -48.33, -47.86, -48.51, -48.37, nan, -48.34, nan, -48.39, 0.0, 2.0, 32
-48.28, -48.25, -48.32, -48.41, -48.27, -47.09, -48.45, -48.38, -48.34, -48.33, -48.36, -48.34, -48.48, -48.33, nan, -48.37, nan, -48.38, 0.0, 2.0, 0
-47.85, -48.00, -48.29, -48.37, -46.57, -44.64, -48.44, -48.38, -48.32, -46.35, -48.36, -47.30, -48.51, -48.28, nan, -48.37, -48.38, -48.39, 3.0, 3.0, 0
-47.98, -47.73, -48.30, -48.36, -46.16, -44.01, -48.42, -48.39, -48.22, -46.04, -48.34, -47.17, -48.48, -48.28, nan, -48.36, -48.38, -48.40, 3.0, 3.0, 0
-47.96, -47.83, -48.36, -48.39, -46.66, -44.92, -48.36, -48.39, -48.32, -46.36, -48.36, -47.67, -48.42, -48.30, nan, -48.37, -48.42, -48.36, 3.0, 3.0, 0
-48.23, -48.17, -48.28, -48.24, -47.88, -46.58, -48.14, -48.41, -48.23, -48.31, -48.31, -47.01, -44.81, -48.27, nan, -48.19, -48.34, -48.36, 8.0, 8.0, 0
-48.26, -48.14, -48.30, -48.27, -47.65, -45.69, -48.19, -48.38, -48.25, -48.31, -48.35, -46.42, -44.97, -48.26, nan, -48.09, -48.35, -48.34, 8.0, 8.0, 4
-48.04, -47.44, -48.22, -47.92, -46.28, -42.14, -48.18, -48.38, -48.23, -48.21, -48.31, -43.55, -46.39, -48.26, nan, -48.13, nan, -48.29, 8.0, 8.0, 0
-48.29, -48.39, -48.33, -48.40, -48.27, -48.22, -48.27, -48.42, -48.26, -48.34, -48.35, -48.28, -45.75, -48.32, nan, -48.14, -48.38, -48.33, 8.0, 8.0, 17
-48.08, -48.22, -48.30, -47.76, -48.23, -47.87, -48.38, -48.39, -44.92, -47.77, -48.23, -48.01, -48.21, -47.75, nan, -47.77, -48.36, -48.35, 5.0, 5.0, 18
-47.65, -46.94, -48.31, -46.17, -48.12, -47.27, -47.79, -48.34, -38.10, -43.93, -47.50, -46.47, -46.13, -43.29, nan, -43.31, -45.13, -48.34, 5.0, 5.0, 46
-47.91, -46.88, -48.30, -46.08, -48.16, -47.68, -47.68, -48.36, -38.74, -44.03, -47.51, -46.69, -46.01, -43.23, nan, -43.99, -47.65, -48.35, 5.0, 5.0, 32
-47.61, -44.89, -47.92, -46.07, -48.20, -47.63, -46.91, -48.37, -39.12, -43.90, -47.41, -46.87, -46.17, -43.65, nan, -42.94, -47.48, -48.38, 5.0, 5.0, 44
-48.23, -48.13, -48.34, -48.18, -48.29, -48.29, -48.39, -48.36, -44.81, -47.34, -48.20, -48.19, -48.19, -47.36, nan, -47.32, -48.36, -48.35, 5.0, 5.0, 21
-47.30, -46.18, -48.23, -45.86, -48.17, -47.44, -47.37, -48.35, -37.96, -43.03, -46.77, -46.33, -45.59, -42.84, nan, -42.89, nan, -48.37, 5.0, 5.0, 33
-48.24, -48.15, -48.31, -48.15, -48.31, -48.32, -48.38, -48.41, -45.12, -47.45, -48.23, -48.23, -48.28, -47.51, nan, -47.54, -48.34, -48.35, 5.0, 5.0, 22
-48.23, -48.21, -48.34, -48.19, -48.30, -48.32, -48.35, -48.39, -44.34, -47.36, -48.24, -48.22, -48.16, -47.77, nan, -47.88, nan, -48.37, 5.0, 5.0, 13
-48.27, -48.16, -48.30, -48.14, -48.32, -48.30, -48.40, -48.38, -44.15, -47.36, -48.26, -48.20, -48.33, -47.72, nan, -47.73, nan, -48.36, 5.0, 5.0, 19
-47.59, -46.64, -48.25, -45.93, -48.24, -47.51, -47.62, -48.35, -37.43, -43.62, -47.11, -46.44, -46.40, -42.55, nan, -41.93, nan, -48.39, 5.0, 5.0, 32
-47.53, -45.49, -48.31, -46.04, -48.12, -47.78, -47.44, -48.35, -40.43, -42.96, -46.75, -47.12, -46.23, -44.45, nan, -44.13, nan, -48.38, 5.0, 5.0, 43

=====

-37.29, -44.95, -47.60, -48.30, -44.25, -47.76, -45.23, -45.49, -47.82, -43.60, -48.26, -44.61, -48.46, -47.96, nan, -47.91, -48.05, -47.53, 1.0, 2.0, 26
-44.48, -46.59, -48.06, -44.01, -47.65, -48.33, -45.37, -44.60, -45.08, -41.35, -48.30, -48.04, -48.46, -46.98, nan, -47.85, -46.65, -47.74, 3.0, 4.0, 23
-48.27, -48.37, -48.30, -48.42, -48.28, -48.32, -48.44, -48.41, -48.31, -48.37, -48.37, -48.38, -48.45, -48.36, nan, -48.34, -48.39, -48.35, 2.0, 6.0, 29
-45.18, -44.78, -46.99, -41.51, -41.93, -48.31, -45.51, -42.34, -41.54, -41.24, -47.99, -33.29, -48.48, -36.61, -47.61, -48.16, -45.91, -47.71, 2.0, 6.0, 27
-47.92, -48.27, -48.34, -48.35, -48.22, -48.35, -48.18, -47.62, -45.54, -46.88, -48.30, -46.32, -48.46, -48.23, -48.19, -48.24, -41.94, -48.28, 3.0, 8.0, 21
-45.90, -48.33, -47.77, -47.10, -47.87, -48.32, -46.86, -44.52, -48.18, -47.23, -48.30, -45.33, -48.50, -47.44, -47.62, -47.21, -47.70, -46.06, 6.0, 7.0, 21
-43.39, -48.04, -47.63, -43.13, -46.81, -48.31, -41.54, -44.69, -41.99, -46.10, -48.32, -46.38, -48.42, -44.95, -47.93, -38.89, -46.27, -43.37, 7.0, 8.0, 28
-47.06, -48.30, -48.29, -47.45, -48.16, -48.33, -46.70, -47.55, -46.90, -48.19, -48.32, -48.29, -48.48, -48.25, -48.30, -47.09, -47.39, -40.59, 8.0, 9.0, 22
-45.46, -48.00, -48.05, -47.79, -48.22, -48.33, -46.00, -47.88, -48.20, -47.89, -48.24, -47.32, -48.46, -48.23, -48.35, -47.68, -48.38, -45.18, 9.0, 6.0, 15
-42.87, -47.14, -47.68, -44.42, -48.22, -48.33, -41.13, -45.21, -48.31, -47.29, -48.19, -47.90, -48.45, -48.19, -48.04, -48.18, -48.30, -47.75, 8.0, 5.0, 0
-36.53, -43.47, -44.81, -37.43, -47.29, -48.36, -37.81, -39.18, -48.30, -43.84, -46.97, -45.28, -48.42, -47.02, -46.75, -46.32, -47.14, -45.75, 8.0, 5.0, 24
-31.77, -42.70, -41.79, -43.27, -48.19, -48.33, -45.98, -42.72, -47.45, -48.03, -47.28, -46.97, -48.48, -45.37, -48.06, -46.35, -45.91, -44.83, 7.0, 3.0, 24
-46.46, -36.90, -46.77, -45.16, -48.12, -48.30, -47.98, -46.52, -48.09, -47.34, -48.30, -48.33, -48.46, -48.19, -48.35, -48.24, -48.10, -48.09, 6.0, 0.0, 29
-44.95, -43.43, -39.04, -36.99, -47.31, -48.32, -46.26, -46.56, -48.17, -44.80, -48.26, -48.01, -48.46, -47.28, -47.90, -48.21, -46.78, -48.21, 8.0, 0.0, 27
-45.75, -47.60, -46.87, -45.82, -48.25, -48.35, -47.36, -48.07, -48.26, -48.06, -48.29, -48.38, -48.48, -48.30, -48.34, -48.33, -48.34, -48.34, 9.0, 1.0, 12
-40.57, -46.44, -45.57, -48.26, -48.20, -48.36, -47.31, -48.18, -48.24, -47.18, -48.34, -48.39, -48.46, -47.87, -48.28, -48.32, -48.36, -47.80, 7.0, 2.0, 17
-47.92, -47.69, -47.54, -45.37, -48.10, -48.28, -47.95, -47.15, -48.05, -46.50, -48.31, -48.21, -48.46, -48.17, -48.38, -48.19, -48.34, -48.23, 6.0, 1.0, 23
-43.74, -46.24, -46.93, -44.24, -48.29, -48.30, -47.91, -47.76, -48.28, -47.96, -48.04, -48.03, -48.49, -48.31, -48.29, -48.36, -48.38, -48.02, 8.0, 3.0, 16
-40.50, -46.04, -48.05, -47.61, -48.22, -48.34, -47.27, -45.68, -45.99, -46.43, -48.31, -47.78, -48.47, -48.13, -48.30, -48.20, -48.32, -47.95, 5.0, 3.0, 9
-42.44, -44.99, -48.10, -46.21, -44.30, -48.34, -47.16, -46.37, -48.21, -45.48, -48.36, -47.00, -48.51, -48.17, -47.29, -48.22, -48.33, -48.32, 0.0, 0.0, 34
-47.00, -47.87, -48.21, -46.92, -48.28, -48.33, -48.34, -47.61, -46.22, -45.73, -48.32, -27.78, -48.50, -48.27, -48.35, -48.34, -48.33, -48.34, 1.0, 5.0, 0
-45.65, -48.10, -48.25, -46.96, -48.22, -48.33, -48.37, -46.62, -46.39, -45.65, -48.34, -28.18, -48.50, -48.35, -47.64, -48.38, -48.31, -48.39, 1.0, 5.0, 23
-47.73, -47.99, -48.31, -48.33, -48.30, -48.34, -48.40, -48.11, -48.24, -47.92, -48.37, -45.98, -48.47, -48.31, -28.06, -48.27, -48.32, -48.37, 0.0, 9.0, 29
-47.89, -47.84, -47.89, -48.14, -48.26, -48.35, -46.70, -47.99, -47.73, -48.26, -48.34, -42.46, -48.48, -40.03, -47.03, -48.35, -45.33, -48.35, 3.0, 7.0, 11
-47.60, -48.36, -48.21, -47.55, -48.19, -48.33, -47.35, -47.44, -47.64, -47.92, -48.34, -48.37, -48.49, -48.33, -48.31, -48.24, -47.54, -47.97, 5.0, 9.0, 8
-46.24, -48.26, -48.31, -48.10, -48.28, -48.30, -46.95, -47.93, -47.99, -47.94, -48.25, -48.07, -48.45, -48.26, -48.37, -47.71, -48.39, -44.41, 9.0, 7.0, 12
-41.01, -48.37, -47.12, -46.92, -47.51, -48.33, -42.99, -42.81, -47.07, -44.85, -48.15, -45.88, -48.47, -48.28, -48.11, -45.93, -48.37, -45.76, 6.0, 5.0, 0
-43.74, -48.37, -47.56, -47.61, -47.82, -48.38, -45.17, -45.11, -47.57, -45.57, -48.25, -46.93, -48.50, -48.29, -48.19, -47.24, -48.40, -46.88, 6.0, 5.0, 15
-42.64, -48.11, -47.50, -47.77, -47.87, -48.31, -45.17, -44.72, -47.52, -46.49, -48.23, -46.51, -48.49, -48.21, -48.23, -46.90, -47.79, -47.01, 6.0, 5.0, 0
-43.67, -48.29, -47.57, -47.75, -47.92, -48.30, -45.11, -44.62, -47.63, -46.55, -48.27, -46.46, -48.45, -48.29, -48.26, -47.04, -47.78, -47.03, 6.0, 5.0, 10
-45.08, -47.23, -47.85, -46.85, -48.11, -48.31, -46.85, -46.72, -46.42, -47.31, -47.87, -47.75, -48.46, -48.08, -47.61, -44.54, -43.55, -38.42, 9.0, 9.0, 24
-44.88, -48.07, -48.25, -46.80, -48.21, -48.31, -46.90, -47.54, -48.18, -47.44, -48.33, -47.13, -48.44, -47.86, -47.73, -46.39, -48.37, -48.29, 8.0, 6.0, 19
-40.69, -47.21, -46.75, -43.68, -48.12, -48.34, -45.28, -44.65, -48.17, -47.31, -48.30, -47.66, -48.47, -48.28, -48.12, -48.18, -47.90, -47.74, 6.0, 4.0, 0
-39.70, -47.18, -46.99, -43.46, -48.16, -48.30, -45.76, -45.49, -48.17, -47.62, -48.28, -47.63, -48.49, -48.08, -48.20, -48.19, -47.81, -47.98, 6.0, 4.0, 0
-41.63, -47.69, -47.35, -43.05, -48.17, -48.35, -45.36, -45.57, -48.19, -47.67, -48.30, -47.71, -48.48, -48.25, -48.25, -48.24, -47.78, -47.98, 6.0, 4.0, 22
-43.20, -47.82, -44.92, -31.01, -48.29, -48.35, -46.81, -47.16, -48.29, -48.14, -48.27, -48.41, -48.50, -48.00, -48.32, -48.35, -47.94, -48.31, 8.0, 2.0, 0
-42.00, -46.59, -39.68, -22.38, -48.22, -48.35, -42.70, -43.17, -48.14, -46.85, -47.82, -48.11, -48.44, -46.29, -48.16, -47.93, -46.33, -47.97, 8.0, 2.0, 31
-41.31, -42.43, -32.66, -43.03, -48.19, -48.30, -47.35, -47.86, -48.28, -46.48, -48.31, -48.38, -48.48, -47.28, -48.19, -48.22, -48.26, -48.07, 9.0, 0.0, 26
-42.31, -42.30, -42.77, -42.57, -47.88, -48.30, -45.72, -43.76, -48.15, -45.01, -48.37, -47.30, -48.47, -46.99, -48.10, -47.88, -48.06, -47.85, 7.0, 1.0, 24
-40.79, -46.72, -48.08, -48.33, -48.03, -48.35, -47.14, -45.96, -47.79, -47.68, -48.34, -47.45, -48.47, -48.27, -48.31, -48.31, -48.29, -48.25, 5.0, 2.0, 18
-40.28, -47.53, -48.03, -47.61, -47.37, -48.32, -48.14, -47.98, -48.13, -46.58, -48.37, -47.97, -48.48, -48.00, -48.25, -48.32, -48.26, -48.21, 1.0, 3.0, 0
-41.72, -47.65, -48.07, -48.07, -48.14, -48.32, -48.26, -48.08, -48.06, -47.04, -48.36, -48.00, -48.47, -48.10, -48.31, -48.30, -48.28, -48.28, 1.0, 3.0, 0
-44.03, -48.16, -48.26, -48.08, -47.66, -48.30, -48.35, -48.17, -48.04, -46.75, -48.33, -48.27, -48.46, -48.09, -48.34, -48.35, -48.21, -48.28, 1.0, 3.0, 9
-48.18, -47.83, -48.32, -47.69, -47.84, -48.32, -48.25, -47.93, -48.31, -47.51, -48.38, -48.10, -48.47, -47.00, -48.17, -48.37, -48.12, -48.37, 1.0, 6.0, 18
-47.66, -48.25, -48.33, -47.55, -48.15, -48.33, -48.37, -48.19, -48.24, -47.60, -48.35, -46.26, -48.44, -48.18, -47.96, -48.31, -48.33, -48.34, 0.0, 5.0, 17
-47.33, -47.81, -48.26, -47.79, -47.82, -48.32, -47.48, -47.99, -47.83, -48.01, -48.35, -47.11, -48.42, -37.98, -47.37, -48.34, -48.14, -48.38, 4.0, 6.0, 21
-44.29, -47.93, -48.13, -48.19, -48.20, -48.32, -47.61, -47.07, -44.81, -47.71, -48.33, -44.99, -48.47, -47.89, -48.10, -46.60, -23.78, -48.32, 4.0, 9.0, 0
-43.04, -47.69, -48.00, -48.08, -48.27, -48.31, -47.94, -47.69, -46.27, -47.98, -48.39, -42.48, -48.49, -47.93, -47.91, -47.18, -27.39, -48.22, 4.0, 9.0, 2
--
-46.99, -48.30, -48.26, -47.99, -48.25, -48.34, -47.98, -48.14, -48.23, nan, -48.38, -48.39, -48.49, -48.32, -48.34, -47.86, -47.23, -48.28, 5.0, 9.0, 0
-47.29, -48.35, -48.22, -48.16, -48.30, -48.35, -48.12, -48.28, -48.27, nan, -48.34, -48.35, -48.47, -48.32, -48.33, -48.19, -47.03, -48.32, 5.0, 9.0, 17
--
below are valid data
--
-48.21, -48.34, -48.31, -48.41, -48.31, -48.14, -48.46, -48.38, -48.34, -48.31, -48.34, -48.38, -48.54, -48.27, -48.32, -48.42, -48.29, -48.38, 1.0, 2.0, 0
-48.22, -48.25, -48.29, -48.38, -48.26, -47.74, -48.37, -48.38, -48.23, -47.30, -48.37, -47.33, -48.51, -48.17, -48.11, -48.35, -48.33, -48.32, 1.0, 2.0, 0
-48.21, -48.24, -48.31, -48.32, -48.26, -47.66, -48.37, -48.42, -48.15, -47.06, -48.29, -47.19, -48.49, -48.08, -48.20, -48.32, -48.30, -48.35, 1.0, 2.0, 0
-48.10, -48.24, -48.31, -48.42, -47.52, -45.86, -48.38, -48.36, -48.26, -48.13, -48.33, -48.18, -48.47, -48.31, -48.19, -48.39, -48.36, -48.34, 1.0, 2.0, 34
-31.19, -34.45, -45.43, -43.57, -34.16, -37.51, -40.52, -48.36, -40.75, -36.27, -48.29, -40.33, -48.28, -43.74, -42.51, -47.44, -47.56, -47.56, 4.0, 2.0, 29
-43.72, -48.33, -48.34, -48.32, -48.28, -48.31, -48.38, -48.42, -48.30, -48.34, -48.40, -48.48, -48.45, -48.34, -48.32, -48.32, -48.38, -48.32, 6.0, 2.0, 36
-48.07, -48.41, -48.37, -48.32, -48.23, -48.26, -48.36, -48.37, -48.24, -48.28, -48.36, -48.34, -48.43, -48.32, -48.29, -48.36, -48.36, -48.28, 5.0, 5.0, 14
-47.80, -48.40, -48.33, -48.44, -48.16, -46.81, -48.15, -48.43, -48.10, -48.22, -48.39, -46.93, -48.42, -48.14, -48.11, -48.34, -48.28, -48.32, 5.0, 5.0, 0
-48.12, -48.34, -48.31, -48.29, -48.23, -48.25, -48.31, -48.38, -48.31, -48.31, -48.38, -48.31, -48.48, -48.31, -48.42, -48.25, -48.27, -48.34, 5.0, 5.0, 23
-45.17, -48.44, -47.69, -47.36, -47.86, -46.97, -40.09, -48.33, -44.14, -42.67, -48.36, -46.94, -46.69, -45.24, -47.97, -48.14, -45.76, -48.14, 5.0, 5.0, 16
-48.31, -48.42, -48.25, -48.43, -48.36, -48.38, -48.35, -48.48, -45.26, -48.27, -48.40, -48.41, -48.50, -48.39, -48.37, -48.23, -48.40, -48.34, 4.0, 6.0, 26
-46.95, -48.46, -48.21, -48.11, -47.15, -47.55, -47.71, -48.41, -39.35, -47.30, -48.34, -48.42, -47.76, -29.29, -46.80, -47.30, -44.29, -47.49, 2.0, 7.0, 27
-47.22, -48.41, -48.11, -48.28, -45.77, -47.66, -48.11, -48.43, -42.53, -47.15, -48.29, -47.52, -48.07, -36.66, -46.82, -47.43, -37.69, -47.50, 2.0, 8.0, 6
-48.20, -48.38, -48.37, -48.44, -48.41, -47.95, -48.37, -48.40, -48.08, -48.23, -48.28, -47.93, -48.47, -48.03, -48.31, nan, -48.14, -48.32, 2.0, 8.0, 5
-47.35, -48.40, -48.14, -48.21, -47.64, -48.12, -47.77, -48.44, -42.86, -47.69, -48.41, -48.17, -48.43, -42.91, -47.83, -48.03, -41.91, -48.07, 2.0, 8.0, 47
-46.98, -48.40, -48.07, -48.19, -47.46, -47.89, -47.67, -48.46, -42.21, -47.44, -48.38, -48.20, -48.37, -42.01, -47.71, -48.03, -41.14, -48.05, 2.0, 8.0, 47
-48.17, -48.35, -48.35, -48.41, -48.27, -48.03, -48.39, -48.37, -48.19, -48.38, -48.27, -48.10, -48.38, -48.40, -48.37, -48.47, -48.36, -48.40, 2.0, 8.0, 47
-48.22, -48.32, -48.33, -48.49, -48.40, -48.23, -48.38, -48.41, -48.31, -48.30, -48.29, -48.36, -48.44, -48.21, -48.39, -48.37, -48.35, -48.44, 2.0, 8.0, 14
-48.18, -48.38, -48.31, -48.34, -48.27, -48.32, -48.46, -48.38, -48.26, -48.25, -48.39, -48.43, -48.39, -48.31, -48.32, -47.58, -46.37, -48.23, 5.0, 9.0, 38
-45.46, -48.35, -45.81, -45.95, -46.69, -46.76, -36.24, -48.39, -39.81, -40.51, -48.07, -46.31, -35.76, -43.45, -45.06, -36.03, -35.42, -32.19, 7.0, 8.0, 16
-48.14, -48.48, -48.35, -48.33, -48.25, -48.25, -47.59, -48.35, -48.21, -48.30, -48.38, -48.34, -42.53, -48.19, -48.38, -48.18, -48.09, -48.12, 9.0, 7.0, 16
-48.08, -48.34, -48.29, -48.34, -48.28, -48.24, -48.39, -48.38, -48.21, -48.28, -48.40, -48.32, -47.35, -48.18, -48.24, -48.12, -48.38, -48.13, 9.0, 8.0, 16
-48.17, -48.39, -48.35, -48.38, -48.34, -48.36, -48.31, -48.47, -48.14, -48.23, -48.27, -48.39, -47.28, -48.26, -48.30, -48.14, -48.40, -47.95, 9.0, 8.0, 36
-42.65, -48.30, -47.12, -46.04, -47.74, -48.04, -43.88, -48.40, -40.53, -44.12, -47.02, -47.53, -35.00, -44.09, -46.11, -41.11, -44.95, -37.64, 9.0, 8.0, 30
-44.36, -48.34, -47.88, -46.72, -48.23, -48.25, -45.26, -48.36, -45.10, -46.81, -48.02, -48.26, -38.20, -46.40, -47.82, -45.23, -46.87, -42.20, 9.0, 8.0, 14
-48.16, -48.39, -48.38, -48.21, -48.28, -48.29, -48.35, -48.40, -48.25, -48.31, -48.25, -48.33, -47.84, -48.31, -48.39, -48.34, -48.35, -48.31, 9.0, 8.0, 11
-48.07, -48.41, -48.22, -48.34, -48.34, -48.39, -48.40, -48.39, -48.25, -48.30, -48.34, -48.36, -47.98, -48.39, -48.36, -48.45, -48.40, -48.34, 8.0, 4.0, 42
-29.16, -48.08, -37.91, -35.28, -39.56, -47.05, -32.95, -48.47, -39.05, -40.45, -44.41, -40.17, -27.06, -37.37, -40.86, -45.88, -36.44, -33.22, 8.0, 4.0, 44
-28.58, -47.95, -37.85, -34.92, -39.00, -47.92, -32.39, -48.43, -38.39, -40.65, -44.13, -39.70, -26.30, -36.11, -39.90, -45.70, -35.76, -32.51, 8.0, 4.0, 25
-43.46, -48.45, -48.12, -47.44, -47.62, -47.16, -45.33, -48.39, -47.53, -47.82, -48.24, -46.84, -40.53, -46.93, -47.79, -48.30, -46.83, -45.38, 8.0, 4.0, 21
-41.14, -48.41, -47.88, -36.56, -47.23, -48.08, -46.51, -48.37, -48.15, -46.55, -48.20, -48.15, -47.18, -48.22, -48.31, -48.31, -48.28, -47.69, 8.0, 2.0, 29
-35.34, -48.30, -44.79, -30.79, -44.60, -47.77, -43.75, -48.37, -47.36, -43.23, -47.92, -47.60, -43.87, -47.41, -48.13, -48.32, -47.44, -45.55, 8.0, 2.0, 47
-30.26, -47.10, -27.24, -23.34, -37.95, -45.20, -31.96, -48.39, -42.45, -36.32, -43.70, -44.55, -32.26, -39.37, -42.49, -46.08, -41.18, -35.60, 9.0, 1.0, 14
-47.81, -48.44, -47.52, -47.77, -48.12, -47.22, -48.21, -48.43, -48.18, -48.15, -48.37, -47.22, -48.42, -48.14, -48.14, -48.36, -48.26, -48.36, 9.0, 1.0, 34
-38.98, -48.36, -36.00, -33.79, -45.37, -47.76, -41.85, -48.46, -47.63, -44.46, -47.96, -47.60, -41.32, -46.47, -47.79, -48.07, -47.03, -44.29, 9.0, 1.0, 15
-48.37, -48.34, nan, nan, -48.31, -48.36, -48.37, -48.41, -48.34, -48.33, -48.38, -48.40, -48.47, -48.44, -48.33, -48.45, nan, -48.28, 9.0, 0.0, 25
-41.47, -43.68, -41.57, -37.95, -47.87, -48.32, -47.43, -48.38, -48.19, -47.43, -48.29, -48.36, -48.51, -48.01, -48.26, -48.35, -48.09, -48.30, 9.0, 0.0, 32
-36.65, -40.16, -37.84, -33.38, -46.52, -48.02, -45.55, -48.47, -48.14, -45.13, -48.28, -48.37, -48.45, -47.05, -47.95, -48.40, -47.53, -47.78, 9.0, 0.0, 26
-41.47, -43.76, -42.35, -37.93, -48.05, -48.34, -47.66, -48.40, -48.26, -47.45, -48.36, -48.36, -48.54, -48.03, -48.17, -48.30, -48.12, -48.30, 9.0, 0.0, 28
-33.25, -37.56, -47.80, -34.20, -44.37, -48.09, -47.26, -48.38, -47.71, -43.88, -48.30, -48.24, -48.57, -47.11, -48.11, -48.29, -47.53, -48.23, 8.0, 1.0, 25
-35.96, -39.99, -48.09, -36.49, -47.07, -48.31, -47.92, -48.44, -47.85, -45.78, -48.34, -48.35, -48.50, -47.62, -48.28, -48.40, -47.95, -48.26, 8.0, 1.0, 25
-35.85, -39.97, -47.63, -36.88, -45.42, -48.24, -47.92, -48.40, -48.04, -45.48, -48.39, -48.29, -48.50, -47.60, -48.27, -48.38, -48.07, -48.22, 8.0, 1.0, 0
-47.78, -47.71, -48.09, -47.60, -48.15, -48.36, -48.53, -48.41, -48.29, -48.29, -48.45, -48.38, -48.52, -48.32, -48.36, -48.37, -48.43, -48.43, 8.0, 1.0, 33
-48.08, -48.32, -48.35, -48.41, -46.47, -48.15, -48.49, -48.48, -48.28, -47.96, -48.33, -48.34, -48.51, -48.40, -48.37, -48.34, -48.37, -48.32, 9.0, 2.0, 24
-44.61, -46.39, -43.42, -44.04, -47.73, -48.24, -45.69, -48.47, -48.25, -46.34, -48.27, -48.40, -48.57, -48.20, -48.36, -48.31, -48.03, -48.01, 9.0, 2.0, 19
-46.68, -47.98, -45.76, -46.44, -46.32, -48.32, -47.25, -48.50, -48.27, -47.27, -48.36, -48.21, -48.42, -48.36, -48.32, -48.32, -48.25, -48.36, 9.0, 2.0, 27
-39.35, -43.30, -39.71, -37.26, -47.52, -48.14, -39.74, -48.33, -48.00, -43.81, -48.33, -48.29, -48.46, -47.11, -48.21, -48.34, -47.28, -47.56, 8.0, 3.0, 32
-36.34, -40.96, nan, -34.19, -47.10, -47.81, -36.41, -48.44, -47.60, -40.85, -48.23, -48.15, -48.43, -45.99, -47.71, nan, -46.63, -47.13, 8.0, 3.0, 32
-36.51, -41.11, nan, -34.40, -47.07, -47.85, -37.44, -48.38, -47.80, -42.10, -48.13, -48.19, -48.44, -46.29, -47.83, -48.42, -46.32, -47.08, 8.0, 3.0, 27
-41.32, -47.05, -41.77, -42.68, -47.82, -48.09, -44.81, -48.44, -48.15, -47.34, -39.80, -48.30, -48.41, -47.70, -47.61, -48.19, -47.94, -46.37, 9.0, 4.0, 37
-34.02, -42.73, -34.31, -34.14, -46.44, -47.37, -37.30, -48.40, -46.16, -43.70, nan, -47.33, -48.33, -44.00, -43.60, nan, -44.35, -38.81, 9.0, 4.0, 22
-48.29, -48.34, -48.35, -48.39, -48.28, -48.39, -48.44, -48.40, -48.31, -48.35, -48.31, -48.40, -48.46, -48.32, -48.37, -48.32, -48.37, -38.81, 9.0, 4.0, 30
-39.52, -43.60, -40.29, -41.92, -47.59, -48.34, -41.81, -48.42, -47.31, -46.84, -36.68, -48.30, -48.45, -46.77, -46.75, -48.33, -46.05, -45.44, 9.0, 4.0, 29
-40.98, -44.68, -41.67, -41.92, -47.89, -48.32, -43.04, -48.38, -47.79, -47.48, -38.14, -48.38, -48.49, -47.41, -47.24, nan, -46.75, -45.97, 9.0, 4.0, 18
-48.15, -48.39, -48.31, -48.37, -48.27, -48.26, -48.42, -48.40, -48.27, -48.24, -48.31, -48.38, -48.36, -48.33, -48.43, -48.40, -48.37, -48.42, 7.0, 4.0, 25
-39.54, -48.31, -47.72, -47.63, -47.81, -48.35, -43.95, -48.40, -45.86, -43.74, -48.36, -48.23, -48.46, -47.01, -48.12, -48.29, -48.48, -48.37, 7.0, 4.0, 34
-32.23, -48.15, -45.84, -44.20, -45.09, -48.24, -36.96, -48.41, -40.33, -37.02, -48.05, -46.34, -48.31, -42.42, -46.34, -48.02, -48.22, -47.85, 7.0, 4.0, 25
-45.20, -48.36, -48.15, -48.29, -47.85, -48.25, -42.73, -48.40, -45.05, -45.69, -48.27, -48.41, -48.43, -46.19, -48.24, -47.89, -48.39, -43.87, 7.0, 7.0, 27
-44.23, -48.38, -47.84, -48.22, -48.04, -48.22, -40.92, -48.45, -43.96, -44.85, -48.28, -48.37, -48.53, -45.80, -48.24, -47.22, -48.16, -43.87, 7.0, 7.0, 26
-45.22, -48.42, -48.10, -48.34, -48.14, -48.35, -42.42, -48.42, -44.95, -46.23, -48.41, -48.33, -48.39, -46.26, -48.24, -47.76, -48.17, -43.87, 7.0, 7.0, 42
-47.66, -48.35, -48.24, -48.40, -47.79, -48.23, -46.07, -48.42, -47.77, -47.69, -48.34, -48.42, -48.45, -47.66, -48.28, -47.71, -48.37, -34.11, 8.0, 9.0, 26
-46.96, -48.31, -48.10, -47.95, -46.30, -47.96, -44.82, -48.45, -47.15, -46.03, -48.38, -48.36, -48.51, -47.00, -47.91, -47.38, -48.34, -31.25, 8.0, 9.0, 31
-45.16, -48.29, -47.28, -47.90, -47.27, -48.23, -41.28, -48.39, -45.39, -44.71, -48.41, -48.29, -48.45, -44.81, -48.08, -44.65, -48.19, -25.98, 8.0, 9.0, 26
-46.95, -48.28, -48.05, -48.29, -47.43, -48.25, -47.74, -48.38, -47.70, -45.80, -48.37, -48.34, -48.42, -47.81, -48.15, -47.29, -40.66, -44.00, 5.0, 9.0, 31
-44.37, -48.41, -47.88, -48.22, -46.35, -47.90, -46.06, -48.36, -46.74, -42.79, -48.41, -48.36, -48.49, -46.37, -47.82, -44.32, -37.51, -40.02, 5.0, 9.0, 39
-39.26, -48.23, -45.52, -46.74, -42.11, -46.11, -42.87, -48.41, -42.43, -36.67, -48.27, -48.10, -48.48, -41.86, -45.01, -39.49, -31.12, -33.42, 5.0, 9.0, 34
-43.98, -48.37, -47.86, -48.14, -37.25, -45.04, -35.44, -48.34, -25.54, -39.35, -48.34, -44.96, -48.44, -36.83, -43.93, -37.22, -43.86, -47.66, 3.0, 6.0, 20
-48.13, -48.44, -48.42, -48.34, -46.66, -48.11, -46.34, -48.47, -37.50, -45.79, -48.43, -48.29, -48.50, -45.98, -48.08, nan, -48.28, -48.31, 3.0, 6.0, 33
-44.12, -48.39, -48.01, -48.30, -40.01, -43.60, -46.90, -48.50, -26.13, -36.99, -48.31, -44.97, -48.48, -36.78, -43.96, -38.24, -44.48, -47.81, 3.0, 6.0, 25
-42.20, -48.32, -48.32, -43.39, -45.20, -47.90, -47.95, -48.35, -44.78, -40.49, -48.27, -47.14, -48.54, -45.94, -48.16, -48.01, -48.28, -48.48, 4.0, 3.0, 21
-44.82, -48.45, -48.35, -45.51, -46.15, -48.09, -48.31, -48.43, -46.50, -43.08, -48.40, -47.71, -48.53, -47.31, -48.16, -48.19, -48.40, -48.39, 4.0, 3.0, 31
-35.67, -40.08, -46.28, -39.01, -14.88, -31.18, -43.82, -48.37, -44.03, -27.21, -48.24, -41.20, -48.54, -40.37, -32.83, -45.30, -42.43, -47.94, 0.0, 3.0, 46
-30.66, -33.16, -39.94, -33.16, -22.59, -26.60, -37.26, -48.45, -39.88, -21.50, -48.07, -33.09, -48.38, -33.78, -28.09, -40.77, -35.90, -47.82, 0.0, 3.0, 36
-40.97, -40.99, -46.06, -41.76, -31.87, -34.27, -45.17, -48.42, -45.89, -30.82, -48.30, -42.04, -48.46, -42.08, -36.74, -46.67, -43.82, -48.38, 0.0, 3.0, 31
-46.97, -48.03, -48.29, -48.23, -42.80, -46.21, -47.44, -48.42, -45.44, -44.07, -48.46, -48.10, -48.49, -40.56, -24.66, -47.23, -44.88, -47.04, 0.0, 8.0, 39
-43.37, -46.24, -47.39, -47.97, -36.72, -41.95, -44.12, -48.38, -40.45, -38.13, -48.32, -45.76, -48.51, -34.22, -17.23, -43.90, -39.47, -43.46, 0.0, 8.0, 33
-46.36, -47.74, -48.11, -48.34, -41.36, -45.41, -46.78, -48.42, -44.60, -42.50, -48.29, -47.15, -48.52, -39.52, -22.73, -46.64, -43.87, -46.41, 0.0, 8.0, 45
-48.26, -48.36, -48.28, -48.42, -48.14, -48.42, -48.40, -48.45, -48.37, -48.32, -48.42, -48.24, -48.47, -48.39, -48.11, -48.39, -48.39, -48.34, 0.0, 2.0, 29
-46.24, -48.13, -48.33, -47.24, -43.08, -48.22, -48.47, -48.37, -48.29, -42.35, -48.27, -47.94, -48.47, -48.02, -47.56, -48.31, -48.31, -48.31, 0.0, 2.0, 37
-46.84, -47.27, -48.00, -47.26, -44.02, -39.86, -47.39, -48.43, -47.85, -40.00, -48.45, -44.00, -48.52, -46.85, -46.67, -48.19, -47.43, -48.41, 2.0, 3.0, 23
-45.37, -47.04, -48.00, -46.39, -43.83, -38.73, -47.79, -48.47, -47.99, -38.71, -48.32, -43.51, -48.46, -47.21, -46.60, -48.22, -47.65, -48.35, 2.0, 3.0, 39
-35.89, -38.40, -42.01, -39.68, -32.13, -26.27, -40.47, -48.36, -41.94, -25.37, -48.20, -31.31, -48.45, -38.02, -36.69, -43.92, -40.10, -47.81, 2.0, 3.0, 29
-43.56, -45.41, -47.21, -45.62, -40.81, -34.95, -46.57, -48.46, -47.05, -34.59, -48.29, -39.94, -48.56, -45.48, -44.05, -47.73, -46.29, -48.28, 2.0, 3.0, 37
-31.66, -35.57, -46.85, -38.39, -37.83, -35.50, -39.05, -48.35, -42.95, -36.55, -48.26, -38.39, -48.51, -43.08, -41.43, -46.16, -46.61, -46.15, 3.0, 2.0, 24
-41.91, -44.81, -48.26, -46.47, -44.84, -44.95, -46.88, -48.36, -47.77, -45.47, -48.35, -46.45, -48.57, -47.88, -47.45, -48.27, -48.35, -48.31, 3.0, 2.0, 29
-38.83, -42.49, -48.05, -44.36, -42.27, -42.46, -45.06, -48.32, -46.96, -43.10, -48.35, -44.61, -48.43, -47.14, -46.16, -47.97, -48.08, -48.02, 3.0, 2.0, 26
-46.78, -43.40, -47.39, -43.06, -44.53, -48.35, -44.06, -48.32, -44.68, -40.25, -48.34, -48.03, -48.48, -45.91, -48.29, -48.09, -48.40, -48.04, 5.0, 3.0, 23
-47.40, -45.24, -47.89, -44.81, -46.08, -48.33, -45.57, -48.37, -46.08, -42.61, -48.42, -48.11, -48.46, -46.91, -48.14, -48.17, -48.31, -48.27, 5.0, 3.0, 19
-47.82, -46.66, -48.12, -46.18, -47.50, -48.28, -46.81, -48.39, -47.01, -44.29, -48.31, -48.26, -48.43, -47.73, -48.35, -48.29, -48.35, -48.36, 5.0, 3.0, 24
-41.74, -35.84, -47.19, -47.86, -44.77, -47.87, -47.91, -48.44, -47.91, -45.97, -48.34, -48.24, -48.57, -47.72, -48.32, -48.37, -48.26, -48.20, 6.0, 1.0, 27
-39.29, -33.40, -46.33, -48.23, -46.31, -47.45, -47.81, -48.36, -47.79, -45.11, -48.40, -48.08, -48.44, -46.70, -48.28, -48.31, -48.19, -48.00, 6.0, 1.0, 36
-31.95, -26.22, -41.79, -46.68, -36.13, -43.50, -44.41, -48.36, -44.12, -38.61, -48.27, -45.08, -48.41, -42.92, -46.44, -48.25, -46.94, -45.97, 6.0, 1.0, 16
-47.78, -48.38, -47.72, -47.97, -48.19, -48.29, -48.28, -48.33, -48.28, -48.22, -48.31, -48.49, -48.46, -48.37, -48.29, -48.34, -48.35, -48.33, 8.0, 0.0, 24
-46.62, -47.88, -44.86, -46.91, -47.21, -47.92, -47.35, -48.32, -48.14, -46.85, -48.28, -48.32, -48.47, -47.99, -48.28, -48.42, -48.12, -48.19, 8.0, 0.0, 42
-34.72, -39.28, -31.39, -35.64, -37.56, -40.23, -36.55, -48.37, -43.15, -35.75, -44.45, -44.15, -48.43, -40.46, -45.62, -48.17, -41.16, -42.78, 8.0, 0.0, 25
-43.64, -46.84, -43.88, -41.95, -47.80, -48.30, -43.31, -48.40, -47.87, -47.90, -45.85, -48.28, -48.51, -47.72, -48.28, -48.41, -47.75, -48.33, 9.0, 3.0, 47
-26.54, -32.63, -28.70, -24.38, -37.32, -48.03, -26.20, -48.46, -37.01, -34.87, -31.00, -43.39, -48.53, -36.67, -42.08, -44.44, -35.93, -39.62, 9.0, 3.0, 33
-37.14, -43.04, -37.33, -35.25, -45.78, -48.40, -36.92, -48.44, -45.08, -44.90, -41.29, -48.15, -48.53, -45.15, -47.79, -48.18, -45.08, -46.99, 9.0, 3.0, 25
-39.83, -47.13, -46.12, -45.82, -47.74, -48.27, -43.13, -48.40, -46.50, -46.24, -48.25, -47.86, -48.45, -46.91, -47.71, -48.40, -47.18, -46.96, 7.0, 4.0, 23
-41.71, -47.94, -47.16, -47.07, -48.08, -48.39, -44.82, -48.44, -47.33, -47.44, -48.32, -48.12, -48.44, -47.59, -48.08, -48.29, -47.94, -47.84, 7.0, 4.0, 18
-44.42, -48.10, -47.81, -47.95, -48.09, -48.28, -46.85, -48.41, -47.91, -47.87, -48.29, -48.26, -48.51, -48.13, -48.20, -48.30, -48.11, -48.14, 7.0, 4.0, 30
-40.29, -41.11, -47.12, -46.26, -48.17, -47.17, -39.39, -48.40, -42.26, -35.76, -48.32, -46.86, -48.50, -40.71, -46.83, -45.02, -46.17, -47.78, 5.0, 5.0, 25
-43.75, -44.61, -47.89, -47.71, -48.19, -47.74, -42.99, -48.39, -45.10, -39.58, -48.39, -47.94, -48.51, -44.01, -47.85, -46.89, -47.54, -48.23, 5.0, 5.0, 25
-43.68, -44.55, -48.07, -47.62, -48.32, -47.90, -42.96, -48.31, -45.11, -39.73, -48.43, -48.02, -48.50, -44.14, -47.78, -46.92, -47.76, -48.22, 5.0, 5.0, 25
-45.49, -45.83, -48.08, -46.50, -44.69, -46.60, -45.80, -48.41, -46.31, -31.94, -48.33, -47.80, -48.46, -46.28, -48.29, -47.72, -46.67, -48.36, 3.0, 4.0, 30
-42.64, -42.95, -47.73, -44.42, -41.53, -44.29, -43.03, -48.38, -43.93, -28.22, -48.32, -46.20, -48.39, -43.64, -47.84, -46.75, -44.32, -48.18, 3.0, 4.0, 35
-39.66, -40.51, -46.61, -41.95, -38.54, -41.61, -40.16, -48.41, -41.45, -24.61, -48.29, -45.26, -48.46, -41.23, -47.30, -45.14, -41.86, -47.68, 3.0, 4.0, 33
-41.62, -47.08, -47.78, -44.31, -36.87, -40.52, -45.60, -48.34, -45.19, -30.62, -48.29, -31.86, -48.45, -39.99, -39.89, -46.40, -44.05, -47.79, 1.0, 5.0, 23
-47.10, -48.33, -48.26, -47.77, -41.71, -46.52, -48.06, -48.49, -47.95, -39.30, -48.34, -40.67, -48.45, -46.32, -46.10, nan, -47.99, -48.38, 1.0, 5.0, 23
-47.64, -48.33, -48.36, -47.82, -41.60, -46.73, -48.11, -48.37, -48.10, -39.22, -48.34, -40.95, -48.44, -46.43, -46.09, -48.12, -47.86, -48.36, 1.0, 5.0, 29
-47.98, -47.90, -48.29, -46.73, -46.61, -47.89, -47.61, -48.38, -43.30, -40.71, -48.33, -37.43, -48.50, -48.11, -36.87, -47.92, -47.50, -47.84, 0.0, 6.0, 15
-47.67, -48.44, -48.39, -47.81, -48.16, -48.31, -48.30, -48.40, -47.89, -47.42, -48.41, -46.31, -48.43, -48.37, -46.00, -48.31, -48.29, -48.31, 0.0, 6.0, 20
-48.22, -48.30, -48.30, -48.20, -48.05, -48.23, -48.40, -48.43, -47.26, -46.04, -48.37, -44.21, -48.45, -48.29, -43.86, -48.26, -48.24, -48.32, 0.0, 6.0, 28
-48.14, -48.38, -48.34, -48.29, -47.54, -48.24, -48.31, -48.37, -44.85, -47.46, -48.35, -46.05, -48.53, -46.89, -30.34, -47.99, -45.22, -47.55, 1.0, 8.0, 14
-47.86, -48.40, -48.36, -48.06, -48.23, -48.38, -48.49, -48.47, -48.25, -48.36, -48.31, -48.28, -48.52, -48.36, -43.39, -48.34, -48.31, -48.38, 1.0, 8.0, 23
-48.29, -48.38, -48.38, -48.39, -48.23, -48.30, -48.45, -48.42, -47.29, -48.09, -48.31, -47.55, -48.49, -47.98, -34.98, -48.34, -47.37, -48.23, 1.0, 8.0, 10
-48.30, -48.45, -48.33, -48.41, -48.14, -48.33, -48.44, -48.43, -47.90, -48.15, -48.40, -48.09, -48.45, -41.49, -48.25, -48.33, -48.10, -48.38, 2.0, 7.0, 7
-46.59, -48.43, -48.28, -46.89, -47.80, -48.31, -48.40, -48.37, -48.13, -48.19, -48.31, -48.00, -48.50, -43.56, -47.98, -48.35, -48.33, -48.37, 2.0, 7.0, 27
-45.83, -47.75, -48.27, -47.90, -45.26, -46.46, -45.40, -48.41, -39.14, -43.22, -48.34, -42.05, -48.51, -26.15, -46.81, -47.15, -41.86, -47.51, 2.0, 7.0, 12
-48.23, -48.34, -48.35, -48.37, -48.15, -48.36, -48.31, -48.40, -48.21, -48.17, -48.28, -48.32, -48.46, -48.21, -48.23, -47.27, -47.88, -48.21, 4.0, 9.0, 31
-47.48, -46.06, -47.82, -48.20, -42.32, -47.83, -47.96, -48.40, -41.63, -41.40, -48.27, -44.45, -48.47, -45.40, -46.67, -33.82, -42.50, -41.15, 4.0, 9.0, 18
-48.18, -48.22, -48.29, -48.28, -47.76, -48.36, -48.45, -48.48, -47.82, -47.75, -48.33, -48.17, -48.47, -48.08, -48.32, -44.02, -45.85, -47.50, 4.0, 9.0, 31
-43.14, -45.18, -48.12, -47.55, -45.14, -48.16, -45.65, -48.29, -42.19, -39.56, -48.26, -47.12, -48.44, -41.58, -46.55, -41.50, -36.01, -45.05, 5.0, 7.0, 18
-47.82, -48.21, -48.33, -48.28, -48.18, -48.23, -48.35, -48.43, -47.66, -47.00, -48.43, -48.36, -48.55, -47.58, -48.27, -47.48, -45.46, -48.16, 5.0, 7.0, 33
-41.83, -44.53, -48.02, -46.77, -45.47, -48.09, -44.56, -48.46, -40.64, -38.00, -48.18, -47.71, -48.46, -40.05, -46.97, -40.04, -35.00, -43.83, 5.0, 7.0, 30
-44.56, -47.88, -46.96, -47.82, -47.97, -48.26, -46.06, -48.32, -46.39, -43.22, -48.35, -47.72, -48.45, -43.54, -48.30, -37.71, -41.59, -39.99, 7.0, 8.0, 37
-40.91, -46.72, -44.47, -46.17, -46.26, -47.78, -42.01, -48.34, -43.47, -39.17, -48.29, -45.83, -48.30, -38.63, -47.86, -32.95, -35.80, -34.22, 7.0, 8.0, 39
-38.86, -46.27, -42.48, -45.21, -45.46, -47.28, -40.33, -48.40, -41.92, -36.91, -48.27, -44.58, -48.22, -36.66, -47.07, -30.78, -33.67, -33.07, 7.0, 8.0, 35
-42.89, -47.67, -45.34, -46.77, -47.47, -48.28, -40.77, -48.37, -45.65, -45.38, -47.54, -47.43, -48.42, -43.24, -46.28, -42.21, -44.58, -32.01, 9.0, 8.0, 0
-48.33, -48.40, -48.32, -48.40, -48.26, -48.39, -48.45, -48.28, -48.33, -48.29, -48.37, -48.27, -48.43, -48.29, -48.28, -48.29, -48.37, -48.33, 9.0, 8.0, 38
-41.96, -47.10, -43.91, -47.48, -47.32, -48.39, -37.62, -48.38, -44.32, -44.09, -47.00, -47.22, -47.99, -40.16, -45.41, -40.87, -44.44, -29.52, 9.0, 8.0, 37
-47.28, -47.80, -48.34, -48.46, -48.37, -48.29, -48.48, -48.35, -48.29, -48.30, -48.43, -48.36, -48.47, -48.29, -48.45, -48.37, -48.34, -48.26, 9.0, 8.0, 29
-44.91, -48.26, -47.21, -48.42, -48.25, -48.29, -43.35, -48.44, -46.90, -46.76, -48.12, -48.36, -48.47, -47.86, -48.23, -47.60, -48.26, -39.88, 9.0, 8.0, 26
-46.18, -48.27, -47.71, -48.43, -48.06, -48.36, -45.08, -48.34, -47.59, -47.36, -48.34, -48.38, -48.46, -48.10, -48.25, -48.08, -48.38, -42.23, 9.0, 8.0, 30
-43.39, -47.36, -46.73, -48.32, -47.23, -48.11, -42.11, -48.40, -46.26, -45.58, -48.07, -48.17, -48.41, -47.64, -47.99, -47.15, -48.22, -38.62, 9.0, 8.0, 30
-43.89, -48.06, -46.77, -48.35, -47.99, -48.23, -42.35, -48.42, -46.35, -45.86, -47.97, -48.33, -48.43, -47.70, -48.05, -47.05, -48.27, -38.41, 9.0, 8.0, 32
-44.27, -47.02, -46.32, -47.29, -47.50, -48.30, -43.77, -48.39, -45.95, -43.70, -48.36, -48.43, -48.40, -43.97, -48.05, -44.57, -47.56, -41.56, 7.0, 8.0, 11
-48.26, -48.38, -48.34, -48.49, -48.19, -48.24, -48.37, -48.43, -48.30, -48.24, -48.35, -48.39, -48.57, -48.31, -48.43, -48.30, -48.46, -48.29, 7.0, 8.0, 13
-47.77, -48.15, -48.34, -48.37, -47.74, -48.28, -48.36, -48.44, -48.24, -47.87, -48.29, -48.28, -48.46, -48.26, -48.26, -48.33, -48.48, -48.25, 7.0, 8.0, 5
-46.70, -47.55, -48.29, -48.40, -48.25, -48.33, -48.38, -48.35, -48.27, -48.31, -48.48, -48.36, -48.44, -48.31, -48.36, -48.38, -48.26, -48.28, 7.0, 8.0, 7
-47.02, -47.62, -48.34, -48.37, -48.22, -48.29, -48.35, -48.43, -48.31, -48.30, -48.31, -48.42, -48.46, -48.28, -48.37, -48.38, -48.40, -48.24, 7.0, 8.0, 36
-47.11, -47.79, -48.25, -48.41, -48.32, -48.29, -48.45, -48.42, -48.18, -48.28, -48.37, -48.42, -48.51, -48.35, -48.43, -48.36, -48.32, -48.46, 4.0, 7.0, 22
-48.15, -48.28, -48.25, -48.39, -47.14, -48.12, -47.45, -48.41, -42.84, -46.04, -48.34, -48.15, -48.45, -45.54, -48.30, -43.32, -43.05, -47.95, 4.0, 7.0, 26
-47.73, -48.19, -48.18, -48.42, -47.25, -47.82, -46.56, -48.42, -40.59, -44.47, -48.30, -47.87, -48.49, -43.66, -48.32, -41.35, -40.93, -47.83, 4.0, 7.0, 18
-47.90, -48.22, -48.36, -48.40, -48.17, -48.09, -48.07, -48.44, -45.18, -47.19, -48.34, -48.29, -48.45, -47.00, -48.41, -45.57, -45.44, -48.31, 4.0, 7.0, 23
-47.80, -48.14, -48.27, -48.45, -46.34, -47.92, -47.51, -48.49, -42.92, -45.69, -48.29, -48.06, -48.44, -45.43, -48.12, -43.38, -42.96, -48.16, 4.0, 7.0, 27
-47.73, -48.08, -48.29, -48.12, -48.17, -48.34, -47.99, -48.35, -46.87, -41.68, -48.33, -45.31, -48.52, -46.11, -36.02, -48.27, -44.94, -48.18, 0.0, 7.0, 36
-44.82, -45.71, -48.22, -46.35, -46.93, -45.90, -45.28, -48.41, -42.45, -34.53, -48.34, -39.59, -48.47, -40.90, -29.01, -47.21, -38.79, -46.84, 0.0, 7.0, 0
-48.32, -48.38, -48.24, -48.41, -48.25, -48.30, -48.44, -48.38, -48.21, -48.34, -48.45, -48.40, -48.51, -48.40, -48.30, -48.40, -48.43, -48.42, 0.0, 7.0, 32
-46.91, -47.26, -48.36, -47.67, -46.97, -47.18, -47.15, -48.40, -45.37, -38.65, -48.32, -43.26, -48.48, -44.23, -32.83, -47.93, -42.40, -47.79, 0.0, 7.0, 0
-48.35, -48.40, -48.35, -48.43, -48.32, -48.30, -48.40, -48.46, -48.31, -48.28, -48.26, -48.33, -48.48, -48.41, -48.16, -48.40, -48.28, -48.41, 0.0, 7.0, 32
-40.23, -45.18, -48.29, -45.30, -31.59, -45.55, -43.77, -48.33, -43.07, -47.08, -48.37, -42.39, -48.49, -45.44, -39.39, -47.45, -46.54, -48.38, 1.0, 4.0, 30
-41.32, -45.99, -48.39, -45.99, -31.70, -44.58, -44.43, -48.38, -43.43, -47.88, -48.26, -44.21, -48.55, -46.02, -39.77, -47.48, -46.85, -48.34, 1.0, 4.0, 33
-39.11, -44.31, -48.29, -44.63, -28.97, -43.45, -42.39, -48.45, -41.51, -47.10, -48.31, -41.77, -48.50, -44.73, -37.22, -46.92, -45.72, -48.27, 1.0, 4.0, 32
-40.80, -45.58, -48.32, -45.64, -30.57, -44.82, -43.77, -48.46, -42.88, -47.79, -48.35, -43.54, -48.60, -45.58, -39.09, -47.15, -46.70, -48.35, 1.0, 4.0, 28
-43.10, -46.94, -48.27, -46.74, -34.17, -45.30, -45.32, -48.43, -44.54, -47.85, -48.33, -44.90, -48.44, -46.83, -41.25, -47.71, -47.35, -48.43, 1.0, 4.0, 36
-39.99, -40.86, -47.70, -36.89, -36.59, -42.85, -34.57, -48.38, -38.61, -28.02, -48.26, -45.07, -48.53, -36.97, -46.88, -41.79, -38.58, -47.93, 4.0, 4.0, 15
-48.04, -48.18, -48.29, -47.89, -46.91, -48.15, -47.49, -48.41, -48.12, -44.08, -48.41, -48.33, -48.54, -47.86, -48.22, -48.16, -48.16, -48.38, 4.0, 4.0, 22
-47.01, -47.49, -48.29, -45.90, -45.71, -47.73, -44.87, -48.37, -46.89, -39.18, -48.37, -48.22, -48.49, -46.06, -48.29, -47.71, -46.77, -48.38, 4.0, 4.0, 12
-47.29, -47.74, -48.29, -48.17, -48.00, -48.30, -48.04, -48.34, -48.27, -46.35, -48.41, -48.44, -48.45, -48.13, -48.43, -48.32, -48.28, -48.23, 4.0, 4.0, 18
-46.13, -47.18, -48.31, -47.28, -47.11, -48.13, -46.61, -48.34, -47.65, -42.17, -48.34, -48.31, -48.50, -47.19, -48.29, -48.13, -47.77, -48.36, 4.0, 4.0, 45
-28.24, -32.20, -39.42, -42.23, -37.18, -44.21, -22.46, -48.37, -28.49, -28.62, -45.38, -36.71, -48.41, -29.85, -42.84, -39.51, -31.24, -38.54, 6.0, 5.0, 22
-45.25, -47.08, -48.16, -48.37, -47.37, -48.19, -41.33, -48.45, -45.38, -45.07, -48.34, -47.95, -48.46, -46.25, -48.11, -48.21, -46.76, -48.20, 6.0, 5.0, 20
-46.54, -47.55, -48.29, -48.31, -47.89, -48.18, -43.52, -48.42, -46.65, -46.55, -48.36, -48.19, -48.42, -47.25, -48.24, -48.28, -47.47, -48.33, 6.0, 5.0, 16
-47.41, -48.02, -48.34, -48.33, -47.82, -48.24, -45.20, -48.38, -47.49, -46.80, -48.44, -48.25, -48.47, -47.90, -48.11, -48.37, -48.00, -48.29, 6.0, 5.0, 26
-43.64, -46.07, -48.04, -48.31, -47.30, -48.29, -39.06, -48.36, -43.94, -44.04, -48.26, -47.74, -48.47, -44.89, -48.28, -48.02, -45.61, -47.89, 6.0, 5.0, 42
-26.99, -37.82, -32.53, -35.57, -39.36, -48.13, -28.51, -48.36, -36.95, -32.39, -44.79, -42.14, -48.42, -39.78, -42.66, -45.13, -41.84, -42.94, 8.0, 3.0, 23
-42.70, -47.85, -46.36, -47.44, -47.93, -48.26, -43.77, -48.43, -47.72, -46.23, -48.30, -48.32, -48.48, -48.15, -48.32, -48.26, -48.24, -48.37, 8.0, 3.0, 24
-41.32, -47.36, -45.56, -47.03, -47.47, -48.33, -42.53, -48.45, -47.23, -45.55, -48.35, -48.25, -48.41, -47.90, -48.23, -48.32, -48.18, -48.25, 8.0, 3.0, 25
-40.60, -47.30, -44.96, -46.65, -46.86, -48.28, -41.75, -48.42, -47.08, -44.69, -48.32, -48.15, -48.37, -47.75, -48.06, -48.30, -48.06, -48.14, 8.0, 3.0, 25
-40.57, -47.13, -45.00, -46.65, -46.84, -48.18, -41.72, -48.46, -47.09, -44.55, -48.25, -48.02, -48.49, -47.72, -48.00, -48.26, -48.16, -48.33, 8.0, 3.0, 25
-44.18, -46.00, -36.77, -47.31, -47.90, -48.31, -45.11, -48.42, -47.81, -46.30, -48.28, -48.28, -48.41, -48.08, -48.29, -48.38, -48.27, -48.34, 9.0, 1.0, 29
-43.17, -45.34, -34.29, -46.26, -47.07, -48.27, -43.39, -48.30, -47.37, -45.13, -48.12, -48.34, -48.46, -47.76, -48.28, -48.36, -48.06, -48.38, 9.0, 1.0, 35
-39.05, -41.71, -29.62, -43.30, -44.72, -47.79, -39.07, -48.38, -45.15, -41.47, -47.31, -47.90, -48.48, -46.05, -48.23, -48.20, -47.17, -48.34, 9.0, 1.0, 25
-44.58, -46.10, -36.75, -47.19, -47.63, -48.28, -45.02, -48.41, -47.94, -46.21, -48.24, -48.42, -48.39, -48.07, -48.42, -48.35, -48.27, -48.32, 9.0, 1.0, 32
-41.11, -43.57, -31.96, -45.12, -46.06, -47.95, -41.30, -48.51, -46.46, -43.53, -47.84, -48.23, -48.52, -47.03, -48.37, -48.25, -47.93, -48.40, 9.0, 1.0, 28
-38.14, -44.82, -44.67, -39.52, -45.01, -46.39, -48.04, -48.38, -46.25, -45.61, -48.35, -47.69, -48.43, -47.56, -47.83, -48.30, -47.41, -48.03, 6.0, 0.0, 42
-26.66, -34.56, -34.37, -28.41, -35.52, -37.84, -43.58, -48.40, -37.28, -36.76, -48.30, -42.10, -48.36, -41.51, -43.99, -46.51, -40.41, -43.31, 6.0, 0.0, 14
-47.43, -48.33, -48.30, -47.84, -48.06, -48.31, -48.46, -48.39, -48.21, -48.16, -48.35, -48.36, -48.48, -48.27, -48.37, -48.41, -48.28, -48.40, 6.0, 0.0, 35
-33.24, -41.03, -40.77, -34.77, -41.94, -43.64, -47.23, -48.45, -43.31, -42.80, -48.30, -46.41, -48.39, -46.11, -47.25, -48.00, -45.58, -46.98, 6.0, 0.0, 22
-42.64, -47.23, -47.11, -43.71, -47.41, -47.80, -48.29, -48.27, -47.68, -47.64, -48.31, -48.27, -48.45, -48.26, -48.30, -48.37, -48.24, -48.32, 6.0, 0.0, 22
-42.76, -45.87, -48.20, -47.10, -45.10, -42.53, -47.19, -48.35, -47.99, -46.29, -48.35, -46.64, -48.46, -47.96, -48.06, -48.37, -48.32, -48.33, 3.0, 2.0, 25
-40.48, -44.39, -48.09, -46.10, -43.45, -40.30, -46.28, -48.44, -47.57, -45.21, -48.30, -45.40, -48.45, -47.47, -47.81, -48.15, -48.24, -48.38, 3.0, 2.0, 27
-39.05, -43.19, -47.98, -45.04, -42.11, -38.85, -45.40, -48.43, -47.18, -44.42, -48.40, -44.48, -48.42, -46.99, -47.55, -48.18, -48.18, -48.31, 3.0, 2.0, 12
-47.62, -48.21, -48.29, -48.35, -48.15, -47.47, -48.35, -48.42, -48.31, -48.20, -48.34, -48.23, -48.50, -48.24, -48.35, -48.39, -48.41, -48.39, 3.0, 2.0, 15
-46.50, -47.85, -48.29, -48.22, -47.83, -46.39, -48.31, -48.43, -48.27, -48.05, -48.36, -48.17, -48.50, -48.34, -48.22, -48.30, -48.36, -48.39, 3.0, 2.0, 35
-41.09, -45.96, -47.52, -47.93, -39.11, -47.31, -46.19, -48.36, -48.16, -40.87, -48.34, -43.50, -48.45, -46.84, -46.37, -48.23, -47.56, -48.31, 0.0, 0.0, 26
-45.53, -48.02, -48.23, -48.32, -44.90, -48.20, -48.18, -48.43, -48.30, -46.08, -48.31, -47.30, -48.52, -48.15, -47.86, -48.40, -48.27, -48.36, 0.0, 0.0, 27
-45.05, -47.90, -48.20, -48.22, -43.99, -47.92, -47.83, -48.37, -48.21, -44.71, -48.38, -46.57, -48.52, -48.15, -47.55, -48.31, -48.17, -48.36, 0.0, 0.0, 31
-42.47, -47.28, -47.95, -48.00, -41.97, -47.52, -47.13, -48.42, -48.13, -42.95, -48.36, -44.75, -48.41, -47.50, -46.90, -48.35, -47.88, -48.31, 0.0, 0.0, 31
-42.65, -46.68, -47.94, -48.03, -41.67, -47.67, -47.04, -48.37, -48.29, -41.70, -48.29, -44.14, -48.54, -47.43, -47.16, -48.30, -48.05, -48.37, 0.0, 0.0, 20
-48.40, -48.35, -48.32, -48.39, -48.16, -48.23, -48.43, -48.35, -48.17, -48.39, -48.37, -48.31, -48.36, -48.30, -48.38, -48.47, -48.43, -48.37, 1.0, 2.0, 25
-45.82, -47.79, -48.01, -47.82, -43.91, -41.48, -48.35, -48.32, -48.33, -44.25, -48.37, -48.41, -48.52, -47.18, -44.87, -48.35, -48.33, -48.37, 1.0, 2.0, 19
-47.61, -48.11, -48.18, -48.15, -46.38, -45.23, -48.42, -48.43, -48.32, -46.72, -48.42, -48.34, -48.53, -48.16, -47.22, -48.31, -48.29, -48.37, 1.0, 2.0, 23
-47.41, -47.94, -48.18, -48.15, -45.03, -43.42, -48.37, -48.38, -48.20, -45.68, -48.37, -48.38, -48.53, -47.62, -46.10, -48.31, -48.37, -48.37, 1.0, 2.0, 29
-44.91, -46.79, -47.54, -47.35, -41.77, -39.21, -48.30, -48.35, -48.05, -42.41, -48.34, -48.38, -48.40, -46.04, -42.97, -48.33, -48.27, -48.37, 1.0, 2.0, 19
-44.57, -48.23, -48.08, -48.25, -45.61, -47.77, -48.28, -48.38, -47.67, -40.24, -48.41, -46.59, -48.50, -47.88, -48.13, -48.38, -48.21, -48.37, 3.0, 3.0, 14
-47.47, -48.35, -48.31, -48.25, -47.61, -48.20, -48.44, -48.33, -48.23, -45.22, -48.36, -48.08, -48.48, -48.26, -48.32, -48.40, -48.39, -48.37, 3.0, 3.0, 25
-40.42, -47.55, -47.38, -47.44, -42.48, -46.60, -47.94, -48.36, -45.76, -35.49, -48.30, -43.47, -48.52, -46.48, -46.95, -48.28, -47.80, -48.37, 3.0, 3.0, 47
-23.21, -35.07, -35.22, -35.54, -25.61, -32.80, -37.46, -45.71, -30.67, -17.18, -47.10, -27.27, -48.43, -31.87, -33.23, -43.28, -35.70, -48.37, 3.0, 3.0, 17
-45.86, -48.26, -48.23, -48.18, -46.74, -48.01, -48.40, -48.30, -48.03, -42.58, -48.36, -47.31, -48.45, -48.06, -48.15, -48.39, -48.26, -48.37, 3.0, 3.0, 25
-31.62, -26.54, -44.31, -46.12, -46.19, -46.28, -47.48, -48.39, -48.19, -45.22, -48.44, -48.18, -48.41, -47.90, -48.31, -48.23, -48.39, -48.37, 6.0, 0.0, 31
-26.76, -20.79, -40.29, -43.01, -43.11, -43.29, -45.31, -48.40, -47.80, -41.67, -48.27, -47.45, -48.48, -46.30, -48.21, -47.43, -48.22, -48.37, 6.0, 0.0, 22
-34.05, -28.99, -45.83, -46.98, -46.85, -47.25, -47.94, -48.42, -48.17, -46.56, -48.31, -48.31, -48.47, -48.10, -48.30, -48.18, -48.34, -48.37, 6.0, 0.0, 19
-36.65, -31.82, -46.84, -47.76, -47.66, -47.73, -48.28, -48.44, -48.27, -47.46, -48.30, -48.40, -48.47, -48.22, -48.41, -48.29, -48.37, -48.37, 6.0, 0.0, 25
-31.58, -26.66, -44.38, -46.13, -46.15, -46.24, -47.35, -48.41, -48.15, -45.33, -48.39, -48.26, -48.49, -47.81, -48.36, -48.12, -48.32, -48.37, 6.0, 0.0, 29
-46.17, -44.56, -46.22, -28.89, -46.47, -47.45, -41.79, -48.45, -47.21, -47.26, -48.29, -48.38, -48.41, -48.05, -48.30, -47.30, -48.26, -48.37, 8.0, 2.0, 24
-47.43, -47.28, -47.45, -32.00, -47.29, -47.93, -44.54, -48.37, -47.88, -47.87, -48.35, -48.34, -48.43, -48.17, -48.42, -47.90, -48.41, -48.37, 8.0, 2.0, 18
-48.01, -47.99, -48.06, -36.91, -47.87, -48.18, -47.12, -48.49, -48.15, -48.09, -48.31, -48.33, -48.47, -48.27, -48.41, -48.29, -48.41, -48.37, 8.0, 2.0, 31
-44.78, -44.36, -45.06, -26.31, -45.18, -47.11, -39.71, -48.46, -46.30, -46.55, -48.20, -48.24, -48.47, -47.43, -48.23, -46.67, -48.21, -48.37, 8.0, 2.0, 27
-46.53, -46.36, -46.63, -29.59, -46.74, -47.77, -42.56, -48.38, -47.46, -47.49, -48.32, -48.36, -48.34, -48.07, -48.29, -47.52, -48.25, -48.37, 8.0, 2.0, 20
-45.45, -47.76, -46.92, -45.20, -47.89, -48.24, -46.85, -48.40, -47.86, -47.38, -48.33, -48.18, -48.47, -48.24, -48.23, -48.12, -48.21, -48.37, 8.0, 4.0, 15
-47.14, -48.14, -47.79, -46.94, -48.26, -48.31, -47.86, -48.42, -48.21, -48.12, -48.32, -48.33, -48.59, -48.29, -48.35, -48.36, -48.28, -48.37, 8.0, 4.0, 19
-46.63, -47.85, -47.01, -45.26, -48.15, -48.32, -47.06, -48.42, -47.94, -47.72, -48.33, -48.15, -48.52, -48.37, -48.24, -48.17, -48.22, -48.37, 8.0, 4.0, 37
-32.58, -38.24, -35.48, -32.14, -44.07, -47.28, -35.25, -48.39, -39.90, -38.19, -46.77, -41.60, -48.31, -45.10, -42.96, -41.83, -41.58, -48.37, 8.0, 4.0, 16
-46.82, -47.98, -47.63, -46.54, -48.21, -48.35, -47.71, -48.50, -48.10, -48.07, -48.36, -48.32, -48.42, -48.35, -48.35, -48.19, -48.24, -48.37, 8.0, 4.0, 23
-45.44, -48.25, -48.06, -46.20, -48.30, -48.26, -40.04, -48.40, -47.38, -46.42, -48.33, -47.32, -48.41, -46.73, -47.96, -45.58, -45.54, -48.37, 6.0, 6.0, 25
-39.58, -48.40, -47.78, -44.89, -48.13, -47.62, -44.29, -48.38, -47.21, -42.48, -48.32, -46.18, -48.45, -44.50, -47.79, -48.30, -46.81, -48.37, 5.0, 5.0, 22
-41.72, -48.39, -48.04, -46.33, -48.21, -48.10, -46.08, -48.43, -47.79, -44.48, -48.41, -47.13, -48.46, -45.92, -48.02, -48.30, -47.63, -48.37, 5.0, 5.0, 23
-45.80, -48.24, -48.19, -46.53, -48.18, -48.24, -39.92, -48.39, -47.61, -46.68, -48.30, -47.55, -48.48, -47.09, -48.08, -46.05, -45.95, -48.37, 6.0, 6.0, -1
-45.18, -48.17, -48.09, -46.11, -48.21, -48.17, -39.13, -48.47, -47.45, -46.22, -48.27, -47.36, -48.57, -46.76, -47.94, -45.62, -45.31, -48.37, 6.0, 6.0, -1
-45.14, -48.12, -48.17, -46.12, -47.75, -48.09, -39.15, -48.31, -47.44, -46.25, -48.32, -47.26, -48.43, -46.92, -47.92, -45.59, -45.47, -48.37, 6.0, 6.0, -1
-45.55, -48.18, -48.04, -46.06, -48.03, -48.18, -39.13, -48.38, -47.25, -46.24, -48.29, -47.38, -48.47, -46.91, -48.03, -45.41, -45.64, -48.37, 6.0, 6.0, -1
-45.44, -48.25, -48.06, -46.20, -48.30, -48.26, -40.04, -48.40, -47.38, -46.42, -48.33, -47.32, -48.41, -46.73, -47.96, -45.58, -45.54, -48.37, 6.0, 6.0, 25
-39.58, -48.40, -47.78, -44.89, -48.13, -47.62, -44.29, -48.38, -47.21, -42.48, -48.32, -46.18, -48.45, -44.50, -47.79, -48.30, -46.81, -48.37, 5.0, 5.0, 22
-41.72, -48.39, -48.04, -46.33, -48.21, -48.10, -46.08, -48.43, -47.79, -44.48, -48.41, -47.13, -48.46, -45.92, -48.02, -48.30, -47.63, -48.37, 5.0, 5.0, 23
-43.33, -46.50, -48.08, -47.15, -47.98, -47.74, -47.78, -48.38, -48.18, -41.71, -48.35, -47.34, -48.48, -46.40, -47.84, -46.56, -46.19, -48.37, 5.0, 5.0, 0
-43.60, -46.35, -48.11, -47.14, -48.28, -47.61, -47.33, -48.43, -48.19, -42.12, -48.39, -47.27, -48.44, -46.21, -47.65, -46.29, -46.16, -48.37, 5.0, 5.0, 47
-43.66, -46.26, -48.05, -46.78, -48.02, -47.72, -47.73, -48.33, -48.20, -41.78, -48.32, -47.39, -48.54, -46.25, -47.74, -46.33, -46.12, -48.37, 5.0, 5.0, 0
-44.38, -46.48, -48.12, -46.47, -48.12, -47.76, -46.79, -48.45, -48.14, -42.18, -48.44, -47.26, -48.42, -46.14, -47.71, -46.22, -46.33, -48.37, 5.0, 5.0, 47
-44.42, -46.51, -48.09, -46.40, -47.96, -47.56, -46.77, -48.33, -48.22, -42.57, -48.30, -47.40, -48.66, -46.45, -47.75, -46.37, -46.52, -48.37, 5.0, 5.0, 47
-44.09, -48.38, -48.02, -48.25, -45.64, -43.77, -48.32, -48.44, -48.21, -28.38, -48.37, -46.64, -48.48, -44.46, -47.97, -48.26, -48.17, -48.37, 3.0, 4.0, 0
-45.01, -48.39, -48.06, -48.30, -45.04, -43.33, -48.30, -48.45, -48.34, -28.41, -48.35, -46.87, -48.46, -44.30, -48.00, -48.39, -48.34, -48.37, 3.0, 4.0, 47
-44.61, -48.38, -48.15, -48.09, -46.26, -43.41, -48.29, -48.31, -48.36, -28.36, -48.34, -46.13, -48.43, -44.28, -47.86, -48.31, -48.22, -48.37, 3.0, 4.0, 0
-43.64, -48.43, -48.01, -48.39, -45.46, -43.06, -48.40, -48.39, -48.27, -28.38, -48.42, -45.90, -48.50, -43.97, -47.93, -48.23, -48.22, -48.37, 3.0, 4.0, 0
-44.13, -48.45, -48.08, -48.36, -45.36, -43.58, -48.27, -48.37, -48.34, -28.43, -48.29, -46.72, -48.49, -44.01, -48.00, -48.41, -48.25, -48.37, 3.0, 4.0, 0
-47.82, -48.33, -48.32, -48.27, -47.96, -48.23, -48.41, -48.40, -48.23, -48.18, -48.41, -48.32, -48.54, -48.39, -48.37, -48.40, -48.35, -48.37, 3.0, 4.0, 0
-48.17, -48.35, -48.39, -48.42, -48.25, -48.19, -48.39, -48.44, -48.23, -43.87, -48.31, -48.41, -48.52, -48.33, -48.29, -48.36, -48.39, -48.37, 3.0, 4.0, 0
-48.26, -48.35, -48.34, -48.39, -48.26, -48.28, -48.49, -48.40, -48.24, -43.86, -48.41, -48.34, -48.43, -48.31, -48.43, -48.35, -48.40, -48.37, 3.0, 4.0, 17
-47.44, -48.29, -48.28, -48.32, -47.62, -47.21, -48.36, -48.41, -46.93, -30.15, -48.33, -47.81, -48.54, -48.20, -48.25, -48.44, -48.18, -48.37, 3.0, 4.0, 22
-43.15, -48.34, -48.04, -48.32, -47.11, -44.93, -48.21, -48.45, -44.14, -24.84, -48.36, -46.06, -48.43, -47.80, -48.00, -48.30, -47.92, -48.37, 3.0, 4.0, 16
-48.09, -48.37, -48.27, -48.38, -46.69, -48.31, -48.39, -48.45, -47.82, -45.58, -48.33, -40.98, -48.44, -48.33, -45.90, -48.13, -48.30, -48.37, 0.0, 5.0, 29
-47.58, -48.32, -47.85, -48.23, -39.52, -48.09, -47.93, -48.46, -43.62, -37.31, -48.32, -30.85, -48.46, -48.08, -37.69, -48.27, -46.20, -48.37, 0.0, 5.0, 12
-48.24, -48.43, -48.39, -48.35, -47.80, -48.27, -48.44, -48.45, -48.21, -47.34, -48.34, -44.73, -48.44, -48.33, -47.54, -48.39, -48.30, -48.37, 0.0, 5.0, 28
-46.85, -48.41, -47.73, -48.01, -39.30, -47.65, -47.30, -48.34, -43.49, -37.27, -48.30, -30.98, -48.47, -48.11, -37.78, -48.34, -46.60, -48.37, 0.0, 5.0, 25
-47.97, -48.40, -48.09, -48.34, -41.65, -47.96, -48.20, -48.42, -45.30, -39.62, -48.37, -33.36, -48.40, -48.30, -40.18, -48.34, -47.35, -48.37, 0.0, 5.0, 21
-43.86, -47.79, -48.37, -46.70, -47.90, -47.71, -43.90, -48.37, -48.04, -45.21, -48.38, -47.71, -48.52, -46.69, -47.81, -48.23, -45.66, -48.37, 6.0, 5.0, 0
-48.08, -48.40, -48.32, -48.42, -48.10, -48.32, -48.46, -48.46, -48.27, -48.38, -48.32, -48.42, -48.49, -48.29, -48.33, -48.41, -48.41, -48.37, 6.0, 5.0, 21
-44.35, -47.85, -48.35, -46.76, -47.75, -47.59, -44.22, -48.39, -48.11, -45.25, -48.30, -47.64, -48.53, -46.67, -47.67, -48.33, -45.65, -48.37, 6.0, 5.0, 15
-46.44, -48.27, -48.24, -47.91, -47.99, -48.03, -46.98, -48.44, -48.28, -47.34, -48.27, -48.22, -48.56, -47.95, -48.21, -48.32, -47.56, -48.37, 6.0, 5.0, 18
-45.39, -48.15, -48.31, -47.44, -48.16, -47.96, -45.75, -48.33, -48.28, -46.44, -48.26, -47.97, -48.48, -47.42, -48.14, -48.20, -46.68, -48.37, 6.0, 5.0, 31
-43.48, -47.24, -45.84, -40.29, -47.19, -47.92, -35.32, -48.37, -48.02, -48.06, -46.50, -48.38, -48.45, -48.14, -47.99, -48.18, -45.61, -48.37, 9.0, 6.0, 0
-48.21, -48.49, -48.37, -48.39, -48.30, -48.33, -48.42, -48.42, -48.29, -48.32, -48.39, -48.49, -48.47, -48.28, -48.41, -48.35, -48.38, -48.37, 9.0, 6.0, 12
-48.18, -48.29, -48.33, -48.18, -48.23, -48.33, -47.68, -48.31, -48.28, -48.34, -48.39, -48.42, -48.41, -48.37, -48.36, -48.32, -48.37, -48.37, 9.0, 6.0, 12
-48.19, -48.42, -48.36, -48.20, -48.26, -48.28, -47.59, -48.47, -48.21, -48.34, -48.27, -48.35, -48.52, -48.37, -48.37, -48.35, -48.37, -48.37, 9.0, 6.0, 35
-40.62, -46.20, -44.13, -38.55, -46.30, -46.97, -33.02, -48.39, -47.81, -47.62, -45.46, -48.37, -48.39, -47.59, -47.69, -47.76, -43.66, -48.37, 9.0, 6.0, 11
-48.24, -48.44, -48.33, -48.38, -48.24, -48.29, -48.44, -48.39, -48.36, -48.31, -48.29, -48.38, -48.48, -48.30, -48.35, -48.34, -48.34, -48.37, 8.0, 9.0, 19
-48.11, -48.38, -48.24, -48.09, -48.17, -48.20, -47.54, -48.44, -48.13, -48.16, -48.39, -48.36, -48.47, -48.13, -48.25, -48.36, -48.19, -48.37, 8.0, 9.0, 18
-47.86, -48.32, -48.21, -48.12, -48.26, -48.20, -47.67, -48.37, -48.17, -48.20, -48.34, -48.40, -48.52, -48.27, -48.36, -48.37, -48.31, -48.37, 8.0, 9.0, 20
-47.46, -48.39, -48.29, -47.97, -48.04, -48.09, -47.58, -48.36, -48.18, -48.20, -48.30, -48.41, -48.43, -48.19, -48.39, -48.33, -48.12, -48.37, 8.0, 9.0, 35
-44.55, -48.24, -45.97, -42.69, -46.67, -47.09, -39.81, -48.33, -43.90, -46.07, -48.17, -47.98, -48.36, -45.62, -47.26, -48.39, -45.16, -48.37, 8.0, 9.0, 19
-47.65, -48.31, -48.29, -48.17, -48.09, -48.16, -46.08, -48.40, -47.84, -48.10, -48.35, -48.33, -48.45, -48.01, -48.34, -46.07, -47.55, -48.37, 7.0, 8.0, 15
-47.82, -48.34, -48.37, -48.34, -48.15, -48.23, -47.19, -48.43, -48.13, -48.26, -48.44, -48.38, -48.60, -48.29, -48.49, -48.41, -48.01, -48.37, 7.0, 8.0, 10
-48.27, -48.44, -48.30, -48.43, -48.29, -48.30, -48.22, -48.45, -48.20, -48.29, -48.43, -48.50, -48.52, -48.20, -48.35, -48.34, -48.34, -48.37, 7.0, 8.0, 12
-48.16, -48.38, -48.37, -48.30, -48.28, -48.28, -48.09, -48.47, -48.24, -48.31, -48.35, -48.33, -48.44, -48.38, -48.36, -48.37, -48.27, -48.37, 7.0, 8.0, 21
-47.51, -48.35, -48.16, -47.80, -48.00, -48.16, -44.87, -48.41, -48.00, -48.04, -48.40, -48.32, -48.45, -48.18, -48.30, -48.28, -47.22, -48.37, 7.0, 8.0, 15
-48.00, -48.28, -48.34, -48.23, -48.17, -48.23, -46.90, -48.35, -48.00, -48.19, -48.30, -48.41, -48.46, -47.61, -48.34, -45.98, -46.04, -48.37, 6.0, 7.0, 30
-42.00, -46.73, -48.30, -44.92, -44.80, -46.04, -39.17, -48.42, -42.22, -44.05, -48.39, -46.89, -48.46, -40.69, -46.86, -35.50, -35.16, -48.37, 6.0, 7.0, 12
-48.00, -48.34, -48.36, -48.28, -48.17, -48.26, -48.04, -48.42, -48.16, -48.11, -48.40, -48.41, -48.55, -48.19, -48.39, -47.34, -47.42, -48.37, 6.0, 7.0, 6
-48.21, -48.34, -48.37, -48.52, -48.30, -48.31, -48.42, -48.39, -48.35, -48.21, -48.35, -48.40, -48.44, -48.32, -48.38, -48.17, -48.21, -48.37, 6.0, 7.0, 21
-46.71, -48.30, -48.31, -47.79, -47.75, -47.87, -45.47, -48.42, -46.78, -47.66, -48.46, -48.23, -48.41, -45.97, -48.25, -42.51, -42.52, -48.37, 6.0, 7.0, 20
-48.20, -48.41, -48.25, -48.19, -48.15, -48.29, -48.38, -48.37, -47.34, -48.28, -48.36, -48.11, -48.44, -40.75, -47.95, -48.28, -41.90, -48.37, 2.0, 8.0, 21
-47.93, -48.29, -48.28, -48.26, -48.20, -48.26, -48.31, -48.41, -47.23, -48.11, -48.32, -47.76, -48.53, -38.93, -46.54, -48.27, -41.83, -48.37, 2.0, 8.0, 35
-44.17, -47.20, -47.76, -44.90, -44.48, -46.70, -46.20, -48.35, -40.59, -45.74, -48.30, -42.26, -48.54, -28.52, -38.61, -46.63, -31.19, -48.37, 2.0, 8.0, 0
-48.33, -48.33, -48.32, -48.33, -48.30, -48.25, -48.42, -48.39, -48.32, -48.33, -48.39, -48.41, -48.50, -48.14, -48.38, -48.36, -48.39, -48.37, 2.0, 8.0, 21
-47.93, -48.31, -48.39, -48.20, -48.12, -48.16, -48.31, -48.38, -47.29, -48.20, -48.32, -47.73, -48.45, -38.85, -46.55, -48.28, -41.80, -48.37, 2.0, 8.0, 32
-46.99, -47.58, -47.92, -46.43, -47.99, -46.31, -47.90, -48.41, -44.19, -42.01, -48.33, -46.99, -48.40, -35.58, -42.26, -43.45, -41.38, -48.37, 2.0, 9.0, 9
-48.26, -48.37, -48.39, -48.37, -48.21, -48.24, -48.44, -48.42, -48.33, -47.95, -48.32, -48.29, -48.51, -47.94, -48.36, -48.32, -48.32, -48.37, 2.0, 9.0, 21
-48.19, -48.39, -48.35, -48.22, -48.30, -47.94, -48.38, -48.33, -47.68, -46.35, -48.33, -48.06, -48.43, -43.27, -47.20, -47.59, -47.25, -48.37, 2.0, 9.0, 12
-48.27, -48.38, -48.31, -47.95, -48.31, -48.32, -48.35, -48.44, -48.25, -48.15, -48.43, -48.34, -48.49, -47.67, -48.34, -48.32, -48.24, -48.37, 2.0, 9.0, 39
-42.94, -46.08, -45.51, -42.21, -45.99, -42.44, -45.96, -48.30, -38.31, -36.13, -48.32, -43.55, -48.44, -29.50, -35.84, -37.88, -36.70, -48.37, 2.0, 9.0, 38
-45.86, -48.21, -48.30, -46.25, -40.27, -48.08, -45.57, -48.43, -42.14, -47.00, -48.21, -36.97, -48.41, -36.62, -25.35, -42.99, -38.65, -48.37, 1.0, 8.0, 23
-48.22, -48.37, -48.35, -48.40, -48.18, -48.33, -48.47, -48.45, -48.31, -47.08, -48.34, -48.11, -48.50, -48.29, -48.12, -48.38, -48.32, -48.37, 1.0, 8.0, 9
-48.30, -48.41, -48.34, -48.39, -48.27, -48.28, -48.46, -48.39, -48.32, -48.34, -48.32, -48.45, -48.43, -48.38, -46.90, -48.33, -48.36, -48.37, 1.0, 8.0, 15
-48.30, -48.40, -48.34, -48.42, -48.22, -48.33, -48.43, -48.31, -48.31, -48.27, -48.29, -48.45, -48.53, -48.32, -48.22, -48.31, -48.41, -48.37, 1.0, 8.0, 25
-48.28, -48.39, -48.34, -48.29, -46.86, -48.32, -48.21, -48.42, -47.33, -48.05, -48.39, -45.49, -48.53, -44.78, -34.40, -47.73, -46.46, -48.37, 1.0, 8.0, 24
-47.93, -48.41, -47.90, -47.16, -48.08, -48.24, -46.58, -48.47, -46.48, -46.75, -48.35, -48.00, -48.44, -47.70, -48.22, -48.16, -47.22, -48.37, 8.0, 8.0, 16
-48.14, -48.45, -48.27, -47.96, -48.14, -48.29, -48.22, -48.43, -48.00, -47.28, -48.34, -48.17, -48.42, -48.27, -48.19, -48.27, -48.14, -48.37, 8.0, 8.0, 0
-48.39, -48.41, -48.39, -48.46, -48.25, -48.32, -48.46, -48.34, -48.45, -48.34, -48.39, -48.39, -48.47, -48.38, -48.35, -48.33, -48.42, -48.37, 8.0, 8.0, 21
-48.09, -48.33, -48.11, -47.99, -48.17, -48.36, -47.61, -48.44, -47.41, -47.65, -48.35, -48.31, -48.47, -48.09, -48.21, -48.25, -47.93, -48.37, 8.0, 8.0, 38
-43.98, -46.95, -43.19, -41.52, -46.84, -48.30, -39.38, -48.43, -38.85, -40.69, -48.02, -44.98, -48.24, -42.53, -46.41, -44.96, -40.07, -48.37, 8.0, 8.0, 0
-48.30, -48.42, -48.41, -48.40, -48.29, -48.29, -48.52, -48.38, -48.28, -48.23, -48.43, -48.45, -48.48, -48.36, -48.38, -48.37, -48.36, -48.37, 5.0, 7.0, 21
-47.74, -48.35, -48.38, -48.22, -47.98, -48.30, -46.25, -48.35, -46.85, -46.00, -48.34, -48.25, -48.50, -45.46, -48.36, -44.02, -42.95, -48.37, 5.0, 7.0, 18
-48.00, -48.29, -48.34, -48.36, -48.14, -48.32, -47.35, -48.41, -47.50, -46.95, -48.33, -48.35, -48.43, -46.74, -48.34, -45.56, -45.21, -48.37, 5.0, 7.0, 21
-47.50, -48.31, -48.32, -48.12, -47.85, -48.21, -46.42, -48.42, -46.75, -45.22, -48.27, -47.89, -48.46, -45.48, -48.23, -44.00, -42.98, -48.37, 5.0, 7.0, 20
-47.77, -48.28, -48.25, -48.06, -48.09, -48.35, -46.86, -48.39, -47.42, -46.79, -48.36, -48.31, -48.49, -46.40, -48.39, -44.87, -44.22, -48.37, 5.0, 7.0, 14
-48.01, -48.36, -48.19, -47.85, -48.23, -48.36, -47.20, -48.51, -48.23, -47.24, -48.31, -48.19, -48.49, -48.29, -48.30, -48.25, -48.31, -48.37, 8.0, 5.0, 40
-33.76, -45.38, -39.86, -34.80, -43.90, -48.36, -28.36, -48.35, -41.23, -33.90, -48.05, -46.18, -47.73, -39.43, -44.20, -35.81, -34.94, -48.37, 8.0, 5.0, 25
-44.57, -48.30, -47.41, -45.44, -47.84, -48.05, -40.10, -48.40, -47.74, -43.97, -48.36, -47.69, -48.45, -47.35, -47.87, -46.03, -45.80, -48.37, 8.0, 5.0, 7
-48.11, -48.40, -48.28, -48.34, -48.15, -48.21, -48.14, -48.36, -48.31, -46.89, -48.40, -48.06, -48.51, -48.32, -48.26, -48.37, -48.36, -48.37, 8.0, 5.0, 20
-46.98, -48.34, -48.08, -47.32, -47.72, -48.01, -44.34, -48.35, -48.07, -44.63, -48.31, -47.44, -48.48, -48.01, -47.89, -47.73, -47.60, -48.37, 8.0, 5.0, 20
-47.54, -48.28, -48.28, -47.76, -47.91, -48.06, -48.17, -48.40, -46.72, -44.88, -48.35, -47.58, -48.44, -47.90, -47.99, -46.02, -46.79, -48.37, 6.0, 6.0, 0
-48.34, -48.42, -48.37, -48.33, -48.28, -48.31, -48.41, -48.42, -48.30, -48.23, -48.34, -48.44, -48.56, -48.37, -48.44, -48.38, -48.43, -48.37, 6.0, 6.0, 34
-41.00, -47.87, -47.27, -41.67, -46.74, -44.76, -43.33, -48.41, -37.35, -37.85, -48.18, -45.30, -48.01, -42.34, -47.67, -35.76, -37.09, -48.37, 6.0, 6.0, 36
-39.63, -47.29, -46.76, -40.40, -45.40, -43.39, -42.47, -48.31, -35.66, -36.22, -48.07, -44.58, -47.90, -41.09, -47.00, -34.20, -35.46, -48.37, 6.0, 6.0, 16
-48.02, -48.42, -48.39, -48.23, -48.24, -48.14, -48.31, -48.44, -47.47, -47.26, -48.39, -48.22, -48.46, -48.13, -48.35, -47.02, -47.49, -48.37, 6.0, 6.0, 31
-42.57, -45.33, -45.71, -42.45, -43.46, -41.37, -42.53, -48.32, -37.09, -30.11, -48.36, -42.50, -48.38, -40.45, -46.29, -43.30, -48.31, -48.37, 4.0, 5.0, 0
-48.27, -48.41, -48.28, -48.42, -48.34, -48.33, -48.43, -48.38, -48.19, -48.23, -48.38, -48.37, -48.52, -48.33, -48.36, -48.44, -48.42, -48.37, 4.0, 5.0, 30
-43.48, -45.75, -46.25, -43.24, -43.88, -42.42, -43.35, -48.37, -37.83, -30.79, -48.33, -44.38, -48.49, -40.98, -47.01, -43.84, -48.27, -48.37, 4.0, 5.0, 38
-38.73, -41.60, -42.69, -38.09, -39.23, -37.24, -38.09, -48.22, -32.34, -24.88, -48.29, -38.55, -48.38, -35.52, -42.40, -39.06, -47.77, -48.37, 4.0, 5.0, 24
-46.36, -47.49, -47.80, -46.31, -46.72, -45.45, -46.58, -48.38, -42.50, -35.53, -48.37, -46.16, -48.41, -44.85, -47.88, -46.63, -48.36, -48.37, 4.0, 5.0, 31
-40.70, -48.37, -45.81, -47.22, -31.45, -43.63, -46.50, -48.38, -45.69, -29.91, -48.29, -39.63, -48.43, -43.97, -40.40, -47.73, -42.21, -48.37, 1.0, 3.0, 30
-41.85, -48.44, -45.91, -47.42, -32.12, -42.01, -47.12, -48.42, -46.08, -30.93, -48.34, -40.38, -48.50, -44.57, -41.18, -48.02, -42.76, -48.37, 1.0, 3.0, 31
-41.05, -48.46, -45.60, -47.56, -31.22, -42.35, -46.81, -48.40, -45.60, -30.19, -48.39, -39.35, -48.49, -43.95, -40.40, -47.66, -42.06, -48.37, 1.0, 3.0, 20
-46.89, -48.34, -48.12, -48.18, -40.89, -46.66, -48.25, -48.39, -48.05, -39.99, -48.33, -46.59, -48.57, -47.94, -46.98, -48.34, -47.49, -48.37, 1.0, 3.0, 21
-46.50, -48.37, -48.01, -47.77, -39.16, -46.78, -48.26, -48.43, -48.03, -38.21, -48.28, -46.16, -48.48, -47.63, -46.38, -48.35, -46.95, -48.37, 1.0, 3.0, 23
-46.52, -48.34, -48.08, -48.06, -43.59, -46.00, -48.30, -48.41, -48.10, -44.34, -48.37, -44.38, -48.43, -48.32, -48.35, -48.32, -48.22, -48.37, 0.0, 1.0, 30
-41.75, -48.31, -46.38, -46.47, -37.24, -41.31, -47.51, -48.36, -47.38, -38.34, -48.40, -39.34, -48.49, -47.80, -47.47, -47.91, -47.69, -48.37, 0.0, 1.0, 33
-39.58, -48.36, -45.15, -45.28, -34.89, -38.77, -46.83, -48.34, -46.08, -36.54, -48.41, -36.52, -48.49, -47.41, -46.88, -47.46, -47.21, -48.37, 0.0, 1.0, 35
-38.62, -48.28, -44.49, -44.67, -34.46, -38.07, -46.49, -48.41, -45.62, -35.22, -48.28, -36.05, -48.46, -47.30, -46.08, -47.26, -47.06, -48.37, 0.0, 1.0, 32
-41.52, -48.36, -45.98, -45.98, -36.56, -40.35, -47.09, -48.36, -46.52, -38.09, -48.38, -38.34, -48.49, -47.69, -47.00, -47.90, -47.26, -48.37, 0.0, 1.0, 37
-30.57, -47.87, -42.71, -38.69, -31.34, -28.77, -43.15, -48.32, -43.26, -31.91, -48.23, -33.33, -48.43, -46.26, -44.92, -48.22, -46.26, -48.37, 3.0, 2.0, 12
-47.39, -48.41, -48.20, -48.18, -47.50, -46.62, -48.33, -48.50, -48.21, -44.63, -48.32, -47.01, -48.55, -48.27, -47.88, -48.41, -48.37, -48.37, 3.0, 2.0, 25
-40.28, -48.35, -47.42, -46.26, -40.02, -38.41, -47.80, -48.42, -47.58, -40.94, -48.34, -42.97, -48.47, -48.22, -47.72, -48.43, -48.33, -48.37, 3.0, 2.0, 19
-44.36, -48.42, -48.16, -47.75, -43.88, -42.94, -48.35, -48.36, -48.20, -44.93, -48.36, -46.20, -48.50, -48.39, -48.28, -48.37, -48.27, -48.37, 3.0, 2.0, 13
-47.26, -48.41, -48.33, -48.21, -47.11, -46.69, -48.44, -48.47, -48.22, -46.57, -48.37, -47.86, -48.45, -48.34, -48.24, -48.43, -48.42, -48.37, 3.0, 2.0, 26
-27.62, -40.97, -43.45, -46.00, -46.16, -46.87, -47.05, -48.42, -48.24, -47.55, -48.31, -46.23, -48.41, -48.18, -48.36, -48.18, -48.42, -48.37, 6.0, 1.0, 34
-19.49, -33.95, -36.72, -40.84, -40.88, -42.57, -43.08, -48.24, -47.18, -45.05, -48.00, -40.73, -48.49, -46.32, -48.25, -47.38, -47.75, -48.37, 6.0, 1.0, 25
-27.63, -41.01, -43.44, -46.20, -46.09, -46.60, -47.17, -48.34, -48.21, -46.34, -48.35, -45.81, -48.43, -48.13, -48.19, -48.19, -48.34, -48.37, 6.0, 1.0, 18
-48.31, -48.38, -48.40, -48.34, -48.24, -48.23, -48.35, -48.46, -48.31, -47.97, -48.34, -48.35, -48.51, -48.40, -48.37, -48.39, -48.40, -48.37, 6.0, 1.0, 37
-16.21, -27.60, -33.97, -40.63, -38.05, -38.30, -40.92, -48.22, -46.62, -42.86, -47.73, -39.02, -48.48, -46.32, -47.68, -46.68, -46.50, -48.37, 6.0, 1.0, 47
-26.18, -36.94, -36.27, -41.88, -32.36, -37.16, -29.57, -48.19, -42.75, -42.04, -34.29, -37.03, -48.34, -43.24, -46.36, -41.02, -40.55, -48.37, 9.0, 1.0, 33
-36.84, -45.80, -45.47, -47.43, -42.32, -45.38, -39.80, -48.34, -47.71, -46.04, -43.89, -45.55, -48.58, -47.83, -48.17, -47.39, -47.31, -48.37, 9.0, 1.0, 36
-33.45, -44.81, -43.92, -41.60, -42.22, -43.31, -37.65, -48.36, -47.38, -47.31, -42.00, -43.07, -48.44, -47.26, -48.17, -46.75, -46.42, -48.37, 9.0, 1.0, 33
-37.09, -45.83, -45.22, -46.82, -43.11, -45.76, -39.75, -48.35, -47.66, -47.27, -43.98, -45.65, -48.46, -47.89, -48.24, -47.44, -47.31, -48.37, 9.0, 1.0, 40
-31.27, -41.71, -41.08, -44.04, -37.65, -41.90, -34.11, -48.31, -45.90, -45.34, -39.20, -41.16, -48.38, -46.24, -48.09, -44.99, -44.54, -48.37, 9.0, 1.0, 33

------

-48.34, -48.42, -48.42, -48.38, -48.43, -48.33, -48.38, -48.41, -48.27, -48.33, -48.33, -48.36, -48.34, -48.40, -48.36, -48.33, -48.20, -48.42, 0.0, 3.0, 9
-48.40, -48.50, -48.41, -48.44, -48.43, -48.28, -48.36, -48.45, -48.34, -48.29, -48.34, -48.54, -48.33, -48.42, -48.25, -48.35, -48.32, -48.50, 0.0, 3.0, 13
-48.38, -48.51, -48.39, -48.29, -48.43, -48.26, -48.55, -48.54, -48.31, -48.36, -48.38, -48.41, -48.54, -48.39, -48.43, -48.28, -48.37, -48.37, 0.0, 3.0, 10
-48.35, -48.02, -48.37, -48.43, -48.43, -48.34, -48.45, -48.35, -48.35, -48.33, -48.38, -48.44, -48.45, -48.37, -48.34, -48.29, -48.28, -48.27, 0.0, 3.0, 17
-48.47, -48.41, -48.24, -48.25, -48.43, -48.26, -48.41, -48.54, -48.24, -48.31, -48.39, -48.39, -48.39, -48.28, -48.33, -48.44, -48.21, -48.37, 0.0, 3.0, 7
-48.25, -48.55, -48.40, -48.43, -48.43, -48.16, -48.35, -48.32, -48.35, -48.27, -48.36, -48.41, -48.41, -48.45, -48.38, -48.29, -48.43, -48.40, 1.0, 5.0, 23
-48.34, -48.29, -48.24, -48.34, -48.43, -48.30, -48.40, -48.49, -48.18, -48.43, -48.45, -48.39, -48.29, -48.42, -48.43, -48.31, -48.32, -48.30, 1.0, 5.0, 12
-48.26, -48.41, -48.20, -48.29, -48.43, -48.34, -48.50, -48.37, -48.31, -48.38, -48.30, -48.40, -48.47, -48.48, -48.35, -48.36, -48.41, -48.35, 1.0, 5.0, 31
-48.20, -48.42, -48.43, -48.41, -48.43, -48.28, -48.53, -48.43, -48.31, -48.31, -48.36, -48.44, -48.48, -48.35, -48.27, -48.36, -48.31, -48.37, 1.0, 5.0, 12
-48.34, -48.40, -48.26, -48.40, -48.43, -48.41, -48.39, -48.37, -48.37, -48.28, -48.24, -48.37, -48.42, -48.22, -48.37, -48.35, -48.38, -48.38, 1.0, 5.0, 30
-48.25, -48.25, -48.31, -48.46, -48.43, -48.37, -48.46, -48.45, -48.27, -48.30, -48.34, -48.41, -48.55, -48.36, -48.36, -48.29, -48.29, -48.46, 1.0, 5.0, 18
-48.31, -48.42, -48.39, -48.31, -48.43, -48.23, -48.45, -48.49, -48.30, -48.25, -48.28, -48.49, -48.50, -48.34, -48.38, -48.25, -48.23, -48.33, 1.0, 5.0, 15
-48.21, -48.32, -48.29, -48.42, -48.43, -48.40, -48.36, -48.36, -48.28, -48.35, -48.27, -48.44, -48.55, -48.34, -48.24, -48.49, -48.21, -48.38, 1.0, 5.0, 22
-48.21, -48.30, -48.20, -48.32, -48.43, -48.25, -48.43, -48.32, -48.29, -48.40, -48.50, -48.50, -48.45, -48.30, -48.31, -48.33, -48.31, -48.33, 1.0, 5.0, 22
-48.33, -48.36, -48.39, -48.34, -48.43, -48.34, -48.57, -48.37, -48.35, -48.26, -48.33, -48.46, -48.45, -48.45, -48.34, -48.41, -48.39, -48.35, 1.0, 5.0, 28
-48.37, -48.46, -48.32, -48.43, -48.43, -48.19, -48.44, -48.40, -48.28, -48.34, -48.43, -48.45, -48.43, -48.39, -48.39, -48.31, -48.34, -48.38, 1.0, 5.0, 26
-48.35, -48.28, -48.39, -48.51, -48.43, -48.30, -48.41, -48.27, -48.19, -48.45, -48.37, -48.37, -48.51, -48.42, -48.45, -48.42, -48.33, -48.42, 3.0, 3.0, 15
-48.27, -48.41, -48.33, -48.41, -48.43, -48.33, -48.40, -48.42, -48.18, -48.42, -48.32, -48.43, -48.41, -48.35, -48.41, -48.38, -48.42, -48.42, 3.0, 3.0, 15
-48.36, -48.38, -48.27, -48.46, -48.43, -48.33, -48.32, -48.38, -48.31, -48.39, -48.29, -48.34, -48.51, -48.34, -48.30, -48.31, -48.35, -48.35, 3.0, 3.0, 25
-48.22, -48.41, -48.32, -48.37, -48.43, -48.34, -48.46, -48.42, -48.30, -48.31, -48.29, -48.35, -48.40, -48.32, -48.34, -48.36, -48.25, -48.30, 3.0, 3.0, 18
-48.45, -48.40, -48.36, -48.42, -48.43, -48.46, -48.34, -48.46, -48.34, -48.37, -48.33, -48.49, -48.54, -48.46, -48.33, -48.40, -48.29, -48.28, 6.0, 1.0, 0
-48.39, -48.33, -48.34, -48.43, -48.43, -48.35, -48.40, -48.50, -48.35, -48.39, -48.30, -48.34, -48.38, -48.40, -48.36, -48.31, -48.33, -48.31, 6.0, 1.0, 6
-48.22, -48.32, -48.36, -48.49, -48.43, -48.35, -48.52, -48.35, -48.30, -48.27, -48.29, -48.29, -48.47, -48.28, -48.36, -48.40, -48.38, -48.35, 6.0, 1.0, 21
-48.21, -48.43, -48.37, -48.43, -48.43, -48.21, -48.32, -48.34, -48.38, -48.33, -48.37, -48.41, -48.52, -48.35, -48.32, -48.30, -48.44, -48.45, 6.0, 1.0, 31
-48.29, -48.35, -48.46, -48.37, -48.43, -48.31, -48.43, -48.49, -48.34, -48.34, -48.40, -48.46, -48.43, -48.34, -48.19, -48.34, -48.39, -48.40, 8.0, 0.0, 7
-48.33, -48.43, -48.43, -48.43, -48.43, -48.30, -48.38, -48.39, -48.39, -48.36, -48.31, -48.44, -48.46, -48.36, -48.45, -48.36, -48.36, -48.41, 8.0, 0.0, 14
-48.29, -48.53, -48.40, -48.37, -48.43, -48.19, -48.38, -48.37, -48.25, -48.16, -48.24, -48.43, -48.50, -48.43, -48.36, -48.39, -48.45, -48.46, 9.0, 1.0, 4
-48.21, -48.39, -48.30, -48.51, -48.43, -48.25, -48.47, -48.40, -48.29, -48.31, -48.36, -48.31, -48.49, -48.40, -48.34, -48.34, -48.30, -48.46, 9.0, 1.0, 7
-48.24, -48.37, -48.25, -48.47, -48.43, -48.29, -48.36, -48.39, -48.19, -48.28, -48.36, -48.48, -48.50, -48.42, -48.37, -48.37, -48.38, -48.35, 9.0, 1.0, 39
-48.26, -48.42, -48.23, -48.30, -48.43, -48.27, -48.61, -48.38, -48.36, -48.33, -48.26, -48.34, -48.46, -48.32, -48.26, -48.30, -48.37, -48.27, 9.0, 1.0, 0
-48.25, -48.30, -48.40, -48.33, -48.43, -48.34, -48.37, -48.44, -48.25, -48.29, -48.30, -48.47, -48.53, -48.30, -48.40, -48.20, -48.40, -48.35, 9.0, 1.0, -1
-48.29, -48.29, -48.39, -48.44, -48.43, -48.26, -48.39, -48.33, -48.36, -48.32, -48.26, -48.40, -48.47, -48.47, -48.42, -48.27, -48.37, -48.27, 9.0, 1.0, -1
-48.32, -48.32, -48.32, -48.31, -48.43, -48.29, -48.47, -48.47, -48.34, -48.36, -48.23, -48.47, -48.49, -48.30, -48.28, -48.33, -48.45, -48.41, 9.0, 1.0, -1
-48.34, -48.38, -48.35, -48.49, -48.43, -48.33, -48.34, -48.43, -48.25, -48.34, -48.17, -48.29, -48.60, -48.46, -48.51, -48.28, -48.29, -48.33, 9.0, 1.0, 42
-48.26, -48.42, -48.33, -48.38, -48.43, -48.32, -48.45, -48.37, -48.33, -48.34, -48.34, -48.40, -48.44, -48.32, -48.35, -48.38, -48.31, -48.48, 9.0, 1.0, 0
-48.30, -48.28, -48.23, -48.47, -48.43, -48.29, -48.36, -48.47, -48.31, -48.31, -48.34, -48.36, -48.52, -48.36, -48.30, -48.31, -48.36, -48.47, 9.0, 1.0, -1
-48.30, -48.32, -48.25, -48.28, -48.43, -48.25, -48.51, -48.40, -48.32, -48.18, -48.39, -48.35, -48.48, -48.26, -48.30, -48.34, -48.30, -48.27, 0.0, 7.0, -1
-48.27, -48.42, -48.40, -48.44, -48.43, -48.29, -48.47, -48.39, -48.31, -48.34, -48.48, -48.41, -48.52, -48.50, -48.40, -48.43, -48.28, -48.31, 0.0, 7.0, -1
-48.24, -48.37, -48.28, -48.38, -48.43, -48.30, -48.48, -48.40, -48.35, -48.23, -48.41, -48.36, -48.44, -48.40, -48.40, -48.36, -48.35, -48.40, 0.0, 7.0, -1
-48.24, -48.45, -48.24, -48.43, -48.43, -48.34, -48.40, -48.40, -48.36, -48.33, -48.40, -48.32, -48.48, -48.45, -48.33, -48.28, -48.36, -48.28, 0.0, 7.0, -1
-48.14, -48.35, -48.22, -48.51, -48.43, -48.35, -48.49, -48.37, -48.30, -48.37, -48.26, -48.63, -48.43, -48.30, -48.30, -48.37, -48.35, -48.35, 0.0, 7.0, -1
-48.34, -48.43, -48.26, -48.39, -48.43, -48.34, -48.48, -48.45, -48.29, -48.22, -48.38, -48.40, -48.48, -48.25, -48.24, -48.42, -48.27, -48.38, 0.0, 7.0, -1
-48.29, -48.44, -48.33, -48.42, -48.43, -48.24, -48.48, -48.38, -48.24, -48.23, -48.32, -48.32, -48.40, -48.34, -48.33, -48.25, -48.27, -48.33, 0.0, 7.0, -1
-48.32, -48.45, -48.31, -48.33, -48.43, -48.34, -48.41, -48.34, -48.37, -48.30, -48.44, -48.38, -48.56, -48.35, -48.38, -48.31, -48.48, -48.26, 0.0, 7.0, -1
-48.24, -48.48, -48.31, -48.39, -48.43, -48.23, -48.49, -48.27, -48.29, -48.21, -48.37, -48.46, -48.46, -48.35, -48.46, -48.35, -48.21, -48.39, 0.0, 7.0, -1
-48.38, -48.44, -48.46, -48.40, -48.43, -48.38, -48.42, -48.38, -48.35, -48.21, -48.39, -48.38, -48.47, -48.30, -48.25, -48.40, -48.25, -48.48, 0.0, 7.0, -1
-48.28, -48.34, -48.41, -48.37, -48.43, -48.28, -48.34, -48.40, -48.25, -48.22, -48.37, -48.42, -48.45, -48.38, -48.37, -48.44, -48.36, -48.44, 0.0, 7.0, -1
-48.29, -48.35, -48.32, -48.39, -48.43, -48.17, -48.41, -48.39, -48.27, -48.29, -48.47, -48.61, -48.47, -48.41, -48.50, -48.48, -48.25, -48.34, 0.0, 7.0, -1
-48.31, -48.41, -48.33, -48.37, -48.43, -48.37, -48.34, -48.46, -48.24, -48.32, -48.39, -48.41, -48.45, -48.36, -48.37, -48.34, -48.37, -48.35, 0.0, 7.0, 36
-48.28, -48.39, -48.27, -48.34, -48.43, -48.38, -48.35, -48.42, -48.19, -48.32, -48.30, -48.34, -48.43, -48.23, -48.45, -48.46, -48.31, -48.29, 0.0, 7.0, -1
-48.29, -48.36, -48.34, -48.38, -48.43, -48.31, -48.44, -48.36, -48.32, -48.32, -48.40, -48.36, -48.53, -48.39, -48.37, -48.38, -48.37, -48.38, 0.0, 7.0, -1
-48.29, -48.34, -48.43, -48.38, -48.43, -48.26, -48.40, -48.36, -48.29, -48.34, -48.37, -48.30, -48.46, -48.39, -48.41, -48.44, -48.27, -48.32, 8.0, 8.0, 0
-48.34, -48.38, -48.31, -48.51, -48.43, -48.26, -48.38, -48.45, -48.30, -48.29, -48.29, -48.45, -48.43, -48.32, -48.35, -48.27, -48.39, -48.32, 8.0, 8.0, -1
-48.35, -48.37, -48.27, -48.47, -48.43, -48.35, -48.52, -48.34, -48.35, -48.28, -48.38, -48.38, -48.50, -48.40, -48.39, -48.37, -48.34, -48.36, 8.0, 8.0, -1
-48.22, -48.39, -48.22, -48.42, -48.43, -48.18, -48.36, -48.39, -48.28, -48.20, -48.44, -48.32, -48.41, -48.36, -48.34, -48.44, -48.34, -48.28, 8.0, 8.0, -1
-48.30, -48.35, -48.43, -48.50, -48.43, -48.33, -47.11, -48.44, -48.26, -48.35, -48.35, -45.69, -48.37, -48.28, -48.47, -48.40, -48.31, -48.43, 8.0, 8.0, -1
-48.28, -48.44, -48.48, -48.37, -48.43, -48.29, -48.37, -48.29, -48.32, -48.29, -48.35, -48.39, -48.49, -48.34, -48.42, -48.39, -48.36, -48.36, 8.0, 1.0, 0
-48.25, -48.35, -48.28, -48.27, -48.43, -48.34, -48.43, -48.48, -48.30, -48.35, -48.37, -48.35, -48.56, -48.46, -48.30, -48.30, -48.39, -48.46, 8.0, 1.0, 0
-48.26, -48.49, -48.36, -48.36, -48.43, -48.29, -48.34, -48.50, -48.35, -48.22, -48.34, -48.45, -48.56, -48.36, -48.42, -48.40, -48.31, -48.29, 8.0, 1.0, -1
-48.29, -48.37, -48.31, -48.31, -48.43, -48.31, -48.52, -48.39, -48.27, -48.21, -48.31, -48.36, -48.36, -48.41, -48.40, -48.40, -48.25, -48.31, 8.0, 1.0, -1
-48.43, -48.43, -48.36, -48.38, -48.43, -48.22, -48.53, -48.42, -48.30, -48.29, -48.37, -48.41, -48.53, -48.14, -48.41, -48.32, -48.33, -48.34, 8.0, 1.0, -1
-48.29, -48.42, -48.39, -48.51, -48.43, -48.29, -48.48, -48.44, -48.41, -48.34, -48.22, -48.47, -48.47, -48.40, -48.41, -48.34, -48.37, -48.31, 8.0, 1.0, 0
-48.39, -48.35, -48.28, -48.35, -48.43, -48.25, -48.33, -48.39, -48.22, -48.30, -48.40, -48.25, -48.52, -48.32, -48.34, -48.42, -48.40, -48.50, 8.0, 1.0, -1
-48.35, -48.50, -48.29, -48.46, -48.43, -48.41, -48.43, -48.45, -48.42, -48.40, -48.24, -48.40, -48.45, -48.39, -48.36, -48.40, -48.31, -48.34, 8.0, 1.0, 0
-48.33, -48.45, -48.23, -48.45, -48.43, -48.36, -48.40, -48.33, -48.28, -48.28, -48.36, -48.44, -48.47, -48.32, -48.38, -48.30, -48.24, -48.30, 8.0, 1.0, 11
-48.25, -48.42, -48.33, -48.33, -48.43, -48.33, -48.41, -48.52, -48.17, -48.24, -48.47, -48.38, -48.43, -48.37, -48.26, -48.31, -48.24, -48.30, 8.0, 1.0, 12
-48.26, -48.41, -48.31, -48.58, -48.43, -48.38, -48.39, -48.44, -48.30, -48.34, -48.40, -48.46, -48.34, -48.33, -48.27, -48.35, -48.47, -48.30, 8.0, 1.0, -1
-48.24, -48.45, -48.24, -48.27, -48.43, -48.41, -48.55, -48.36, -48.27, -48.38, -48.39, -48.39, -48.35, -48.48, -48.39, -48.44, -48.40, -48.43, 8.0, 1.0, 0
-48.34, -48.34, -48.33, -48.61, -48.43, -48.21, -48.46, -48.38, -48.17, -48.27, -48.32, -48.44, -48.47, -48.38, -48.37, -48.39, -48.37, -48.34, 8.0, 1.0, 15
-48.18, -48.32, -48.29, -48.37, -48.43, -48.38, -48.46, -48.43, -48.35, -48.28, -48.34, -48.44, -48.41, -48.41, -48.30, -48.41, -48.38, -48.39, 8.0, 1.0, 24
-48.34, -48.44, -48.24, -48.41, -48.43, -48.32, -48.30, -48.51, -48.20, -48.35, -48.37, -48.24, -48.59, -48.38, -48.39, -48.40, -48.38, -48.30, 8.0, 1.0, 0
-48.27, -48.46, -48.32, -48.40, -48.43, -48.27, -48.41, -48.39, -48.29, -48.33, -48.36, -48.42, -48.46, -48.36, -48.42, -48.43, -48.34, -48.28, 8.0, 1.0, 12
-48.25, -48.34, -48.44, -48.35, -48.43, -48.29, -48.31, -48.35, -48.24, -48.29, -48.32, -48.35, -48.33, -48.31, -48.31, -48.44, -48.44, -48.45, 8.0, 3.0, 3
-48.19, -48.33, -48.37, -48.46, -48.43, -48.25, -48.50, -48.41, -48.18, -48.28, -48.28, -48.43, -48.45, -48.46, -48.35, -48.44, -48.35, -48.42, 8.0, 3.0, 9
-48.27, -48.37, -48.35, -48.38, -48.43, -48.21, -48.51, -48.50, -48.31, -48.33, -48.27, -48.29, -48.46, -48.48, -48.42, -48.34, -48.33, -48.34, 8.0, 3.0, 12
-48.27, -48.35, -48.33, -48.44, -48.43, -48.25, -48.49, -48.42, -48.23, -48.35, -48.36, -48.43, -48.52, -48.32, -48.44, -48.36, -48.44, -48.37, 8.0, 3.0, 0
-48.19, -48.38, -48.29, -48.39, -48.43, -48.31, -48.43, -48.51, -48.29, -48.38, -48.31, -48.44, -48.48, -48.29, -48.34, -48.35, -48.24, -48.30, 8.0, 3.0, 5


---

-48.29, -48.34, -48.21, -48.29, -48.43, -48.27, -48.43, -48.35, -48.26, -48.41, -48.30, -48.38, -48.49, -48.24, -48.32, -48.28, -48.22, -48.40, 1.0, 2.0, 18
-48.40, -48.36, -48.41, -48.35, -48.43, -48.29, -48.48, -48.38, -48.38, -48.35, -48.38, -48.46, -48.48, -48.37, -48.41, -48.38, -48.31, -48.37, 1.0, 2.0, 28
-48.34, -48.29, -48.24, -48.45, -48.43, -48.32, -48.39, -48.50, -48.41, -48.39, -48.46, -48.49, -48.33, -48.39, -48.25, -48.30, -48.30, -48.32, 1.0, 2.0, 18
-48.37, -48.27, -48.33, -48.39, -48.43, -48.39, -48.46, -48.44, -48.30, -48.39, -48.38, -48.39, -48.43, -48.32, -48.37, -48.37, -48.34, -48.38, 1.0, 2.0, 22
-48.21, -48.35, -48.30, -48.46, -48.43, -48.32, -48.49, -48.49, -47.94, -48.40, -48.34, -48.35, -48.48, -48.50, -48.33, -48.40, -48.26, -48.34, 1.0, 2.0, 27
-48.38, -48.45, -48.35, -48.40, -48.43, -48.25, -48.43, -48.38, -48.36, -48.34, -48.30, -48.26, -48.40, -48.33, -48.48, -48.38, -48.36, -48.36, 1.0, 4.0, 21


--
10/23/2020

-89.42, -89.81, -89.88, -89.55, -48.43, -89.97, -90.12, -89.56, -89.68, -90.02, -90.02, -89.68, -90.09, -89.98, -89.67, -89.74, -89.97, -90.03, 0.0, 3.0, 28
-89.69, -90.01, -90.00, -89.99, -48.43, -89.96, -90.13, -89.90, -89.46, -89.99, -89.98, -89.91, -90.10, -89.99, -89.86, -89.74, -89.51, -90.02, 0.0, 3.0, 33
-88.90, -89.71, -89.86, -89.26, -48.43, -89.97, -90.12, -89.00, -89.08, -90.00, -90.00, -89.24, -90.10, -89.99, -89.29, -89.62, -89.06, -90.03, 0.0, 3.0, 33
-89.55, -89.93, -89.98, -89.77, -48.43, -89.96, -90.13, -89.69, -89.75, -90.00, -90.01, -89.78, -90.11, -89.97, -89.76, -89.78, -90.10, -90.02, 0.0, 3.0, 36
-89.57, -89.94, -90.00, -89.81, -48.43, -89.98, -90.12, -89.76, -89.71, -90.01, -90.00, -89.82, -90.10, -89.97, -89.78, -89.68, -90.10, -90.03, 0.0, 3.0, 37
-88.56, -89.09, -89.00, -88.10, -48.43, -89.96, -90.12, -88.73, -89.07, -90.00, -90.00, -89.04, -90.14, -90.00, -88.98, -89.00, -89.74, -90.03, 0.0, 3.0, 32
-89.76, -89.96, -90.01, -90.01, -48.43, -89.97, -90.12, -89.99, -89.63, -89.99, -90.00, -90.03, -90.14, -90.00, -89.84, -89.49, -90.04, -90.02, 0.0, 3.0, 26
-89.22, -89.40, -89.14, -88.71, -48.43, -89.96, -90.12, -89.40, -89.04, -90.01, -90.01, -89.59, -90.11, -89.99, -89.49, -89.38, -89.08, -90.03, 0.0, 3.0, 34
-89.56, -89.50, -89.27, -88.85, -48.43, -89.97, -90.13, -89.64, -89.83, -90.01, -90.00, -89.75, -90.13, -89.97, -89.78, -89.92, -89.98, -90.03, 0.0, 3.0, 28
-89.22, -89.86, -89.85, -89.68, -48.43, -89.98, -90.13, -89.43, -88.74, -90.01, -90.01, -89.65, -90.11, -90.00, -89.40, -89.17, -88.65, -90.03, 0.0, 3.0, 29
-88.68, -89.53, -89.72, -88.71, -48.43, -89.97, -89.53, -88.71, -89.46, -90.00, -90.00, -89.18, -90.10, -89.99, -89.15, -89.50, -89.97, -89.85, 0.0, 3.0, 47
-89.84, -89.79, -89.66, -88.46, -48.43, -89.95, -90.07, -89.95, -89.80, -90.04, -90.01, -89.98, -90.14, -89.98, -89.98, -89.95, -89.83, -90.01, 0.0, 3.0, 36
-89.37, -89.91, -89.99, -90.04, -48.43, -89.98, -88.16, -88.58, -89.55, -89.85, -90.01, -89.63, -90.10, -89.97, -89.67, -89.89, -89.50, -89.94, 0.0, 3.0, 0
-89.78, -89.92, -89.82, -89.12, -48.43, -89.96, -90.05, -89.88, -89.65, -90.02, -90.01, -89.96, -90.11, -90.00, -89.93, -89.93, -89.57, -89.91, 0.0, 3.0, 33
-88.38, -89.47, -89.53, -88.22, -48.43, -89.97, -89.43, -88.35, -88.72, -89.99, -90.00, -88.93, -90.12, -89.99, -88.93, -89.47, -88.50, -89.70, 0.0, 3.0, 34
-89.54, -89.58, -89.41, -87.54, -48.43, -89.95, -89.94, -89.64, -89.71, -90.04, -90.02, -89.79, -90.10, -89.99, -89.74, -89.58, -90.09, -89.81, 0.0, 3.0, 29
-89.24, -89.56, -89.53, -87.91, -48.43, -89.97, -89.81, -89.22, -89.78, -90.01, -90.00, -89.50, -90.11, -89.99, -89.61, -89.90, -90.06, -89.99, 0.0, 3.0, 33
-89.57, -89.82, -89.67, -88.52, -48.43, -89.95, -89.98, -89.66, -89.19, -90.03, -90.00, -89.80, -90.09, -89.98, -89.79, -89.84, -88.82, -89.84, 0.0, 3.0, 36
-87.65, -89.13, -89.41, -87.52, -48.43, -89.97, -89.03, -87.49, -89.26, -89.98, -90.00, -88.32, -90.11, -89.98, -88.46, -89.53, -89.87, -89.80, 0.0, 3.0, 33
-88.71, -89.67, -89.91, -89.48, -48.43, -89.97, -89.61, -88.68, -89.63, -89.99, -89.99, -89.18, -90.11, -89.99, -89.22, -89.72, -90.03, -89.92, 0.0, 3.0, 30
