# 101   102     104     105     110     120     130     140     150     158     160     166     170    180     188   190     200     210
-47.76, -48.15, -48.23, -48.35, -47.77, -46.47, -42.33, -48.40, -47.31, -47.95, -47.23, -47.97, -33.47, -47.85, nan, -43.93, -47.51, -40.12, 8.0, 8.0, 28
-48.10, -48.11, -47.93, -47.08, -47.09, -45.37, -43.20, -48.39, -48.09, -47.74, -42.29, -47.75, -39.83, -48.30, nan, -47.63, -48.27, -45.14, 8.0, 8.0, 0
-47.82, -48.16, -48.25, -48.38, -44.44, -40.87, -43.14, -48.41, -47.46, -45.93, -47.68, -46.61, -34.28, -48.07, nan, -44.98, -47.55, -40.23, 8.0, 8.0, 37
-47.65, -48.06, -48.19, -48.20, -47.61, -46.17, -41.73, -48.41, -47.11, -47.81, -46.27, -47.88, -33.23, -47.47, nan, -44.32, -47.47, -39.51, 8.0, 8.0, 45
-48.15, -48.15, -48.20, -47.74, -44.96, -42.08, -39.48, -48.42, -47.81, -46.40, -45.14, -46.78, -43.42, -48.32, nan, -47.71, -48.26, -40.53, 9.0, 9.0, 44
-48.21, -48.28, -48.30, -47.84, -47.17, -45.74, -46.17, -48.41, -48.16, -47.56, -46.76, -47.96, -45.34, -48.27, nan, -46.23, -48.17, -35.54, 9.0, 8.0, 43
-47.55, -48.26, -48.19, -47.78, -47.75, -46.98, -44.37, -48.44, -48.02, -47.88, -44.53, -48.05, -45.32, -47.57, nan, -47.39, -48.00, -39.54, 9.0, 7.0, 37
-44.90, -45.31, -44.14, -45.08, -44.89, -41.58, -48.38, -48.35, -48.17, -45.95, -40.32, -46.63, -48.45, -48.20, nan, -48.35, -48.22, -48.15, 9.0, 6.0, 47
-47.52, -47.67, -47.26, -47.59, -47.76, -46.82, -48.43, -48.39, -48.29, -48.03, -39.31, -48.17, -48.46, -48.35, nan, -48.37, -48.36, -48.32, 9.0, 5.0, 47
-47.87, -48.02, -47.77, -47.97, -47.94, -47.30, -48.46, -48.38, -48.30, -48.11, -40.31, -48.25, -48.47, -48.38, nan, -48.38, -48.39, -48.35, 9.0, 4.0, 47
-48.00, -48.16, -47.94, -48.15, -47.47, -46.20, -48.46, -48.40, -48.30, -47.83, -48.60, -48.12, -48.51, -48.31, nan, -48.36, -48.39, -48.27, 9.0, 3.0, 47
-48.16, -47.35, -48.25, -47.17, -44.28, -40.91, -48.42, -48.37, -48.23, -45.63, -48.53, -46.56, -48.43, -48.28, nan, -48.36, -48.21, -48.04, 9.0, 2.0, 47
-48.25, -47.96, -48.29, -47.94, -47.44, -46.16, -48.42, -48.40, -48.33, -47.87, -48.57, -48.15, -48.45, -48.35, nan, -48.36, -48.33, -48.34, 9.0, 1.0, 47
-48.27, -47.97, -48.26, -47.83, -47.60, -46.30, -48.44, -48.41, -48.33, -47.89, -48.58, -48.17, -48.48, -48.34, nan, -48.35, -48.33, -48.09, 8.0, 2.0, 47
-41.98, -43.66, -43.05, -37.25, -47.25, -45.70, -47.76, -48.40, -48.05, -47.31, -48.48, -47.96, -48.20, -47.94, nan, -48.16, -48.38, -47.12, 8.0, 2.0, 37
-45.34, -45.19, -41.44, -38.13, -47.01, -45.62, -47.99, -48.40, -48.10, -47.54, -48.31, -47.64, -48.35, -48.35, nan, -47.25, -48.35, -47.36, 9.0, 1.0, 35
-44.54, -45.60, -39.68, -38.57, -45.45, -43.06, -47.97, -48.38, -47.95, -46.66, -48.20, -47.29, -48.24, -48.08, nan, -47.32, -48.26, -46.70, 9.0, 1.0, 47
-45.21, -44.70, -34.47, -42.08, -45.59, -45.40, -48.20, -48.37, -48.18, -47.96, -48.29, -48.29, -48.21, -48.28, nan, -48.32, -48.36, -48.17, 9.0, 0.0, 44
-39.94, -44.21, -38.08, -39.09, -41.46, -41.16, -48.37, -48.39, -48.02, -46.84, -48.48, -47.83, -48.37, -48.07, nan, -48.23, -48.08, -47.44, 8.0, 1.0, 38
-39.92, -43.91, -36.10, -38.76, -41.30, -40.85, -48.42, -48.39, -47.98, -46.72, -48.45, -47.85, -48.34, -48.06, nan, -48.16, -48.07, -47.43, 8.0, 1.0, 37
-35.37, -38.87, -46.02, -46.42, -46.78, -44.93, -48.02, -48.39, -48.13, -47.98, -48.06, -47.87, -48.37, -46.33, nan, -47.89, -48.13, -48.24, 6.0, 1.0, 41
-46.18, -46.82, -47.77, -47.87, -41.69, -34.94, -48.34, -48.37, -47.86, -46.30, -48.60, -42.24, -48.32, -47.72, nan, -46.24, -48.25, -48.12, 1.0, 3.0, 35
-45.40, -46.47, -48.22, -47.97, -41.37, -40.66, -48.21, -48.42, -46.92, -43.62, -48.53, -35.22, -48.46, -47.86, nan, -47.78, -48.08, -48.01, 1.0, 4.0, 35
-46.30, -47.09, -48.26, -48.27, -46.20, -42.51, -48.32, -48.39, -47.25, -45.57, -48.59, -36.56, -48.39, -48.13, nan, -47.52, -48.22, -48.33, 1.0, 4.0, 27
-46.92, -47.90, -47.98, -47.34, -46.78, -46.90, -46.46, -48.42, -26.87, -44.00, -48.02, -45.84, -46.99, -38.33, nan, -39.31, -47.30, -47.62, 4.0, 6.0, 34
-47.63, -47.56, -48.21, -47.88, -42.34, -43.36, -47.98, -48.37, -47.85, -46.47, -48.46, -45.93, -47.76, -37.79, nan, -42.90, -28.87, -47.71, 4.0, 9.0, 34
-47.68, -47.62, -48.10, -47.90, -42.93, -43.89, -47.69, -48.39, -42.50, -46.31, -48.58, -46.28, -43.07, -45.24, nan, -32.15, -46.33, -42.04, 5.0, 8.0, 30
---
-48.15, -48.03, -47.93, -48.11, -47.97, -41.23, -48.46, -48.36, -48.27, -47.34, -48.35, -48.31, -48.46, -48.34, nan, -48.30, -48.13, -48.40, 0.0, 2.0, 37
-48.20, -47.95, -48.13, -48.28, -48.04, -41.72, -48.42, -48.39, -48.29, -48.07, -48.37, -47.90, -48.46, -48.34, nan, -48.34, -48.31, -48.37, 0.0, 2.0, 38
-48.22, -47.57, -48.24, -48.38, -47.54, -41.26, -48.39, -48.41, -48.29, -48.20, -48.33, -47.86, -48.51, -48.37, nan, -48.34, nan, -48.39, 0.0, 2.0, 32
-48.28, -48.25, -48.32, -48.41, -48.27, -47.09, -48.45, -48.38, -48.34, -48.33, -48.36, -48.34, -48.48, -48.33, nan, -48.37, nan, -48.38, 0.0, 2.0, 0
-47.85, -48.00, -48.29, -48.37, -46.57, -44.64, -48.44, -48.38, -48.32, -46.35, -48.36, -47.30, -48.51, -48.28, nan, -48.37, -48.38, -48.39, 3.0, 3.0, 0
-47.98, -47.73, -48.30, -48.36, -46.16, -44.01, -48.42, -48.39, -48.22, -46.04, -48.34, -47.17, -48.48, -48.28, nan, -48.36, -48.38, -48.40, 3.0, 3.0, 0
-47.96, -47.83, -48.36, -48.39, -46.66, -44.92, -48.36, -48.39, -48.32, -46.36, -48.36, -47.67, -48.42, -48.30, nan, -48.37, -48.42, -48.36, 3.0, 3.0, 0
-48.23, -48.17, -48.28, -48.24, -47.88, -46.58, -48.14, -48.41, -48.23, -48.31, -48.31, -47.01, -44.81, -48.27, nan, -48.19, -48.34, -48.36, 8.0, 8.0, 0
-48.26, -48.14, -48.30, -48.27, -47.65, -45.69, -48.19, -48.38, -48.25, -48.31, -48.35, -46.42, -44.97, -48.26, nan, -48.09, -48.35, -48.34, 8.0, 8.0, 4
-48.04, -47.44, -48.22, -47.92, -46.28, -42.14, -48.18, -48.38, -48.23, -48.21, -48.31, -43.55, -46.39, -48.26, nan, -48.13, nan, -48.29, 8.0, 8.0, 0
-48.29, -48.39, -48.33, -48.40, -48.27, -48.22, -48.27, -48.42, -48.26, -48.34, -48.35, -48.28, -45.75, -48.32, nan, -48.14, -48.38, -48.33, 8.0, 8.0, 17
-48.08, -48.22, -48.30, -47.76, -48.23, -47.87, -48.38, -48.39, -44.92, -47.77, -48.23, -48.01, -48.21, -47.75, nan, -47.77, -48.36, -48.35, 5.0, 5.0, 18
-47.65, -46.94, -48.31, -46.17, -48.12, -47.27, -47.79, -48.34, -38.10, -43.93, -47.50, -46.47, -46.13, -43.29, nan, -43.31, -45.13, -48.34, 5.0, 5.0, 46
-47.91, -46.88, -48.30, -46.08, -48.16, -47.68, -47.68, -48.36, -38.74, -44.03, -47.51, -46.69, -46.01, -43.23, nan, -43.99, -47.65, -48.35, 5.0, 5.0, 32
-47.61, -44.89, -47.92, -46.07, -48.20, -47.63, -46.91, -48.37, -39.12, -43.90, -47.41, -46.87, -46.17, -43.65, nan, -42.94, -47.48, -48.38, 5.0, 5.0, 44
-48.23, -48.13, -48.34, -48.18, -48.29, -48.29, -48.39, -48.36, -44.81, -47.34, -48.20, -48.19, -48.19, -47.36, nan, -47.32, -48.36, -48.35, 5.0, 5.0, 21
-47.30, -46.18, -48.23, -45.86, -48.17, -47.44, -47.37, -48.35, -37.96, -43.03, -46.77, -46.33, -45.59, -42.84, nan, -42.89, nan, -48.37, 5.0, 5.0, 33
-48.24, -48.15, -48.31, -48.15, -48.31, -48.32, -48.38, -48.41, -45.12, -47.45, -48.23, -48.23, -48.28, -47.51, nan, -47.54, -48.34, -48.35, 5.0, 5.0, 22
-48.23, -48.21, -48.34, -48.19, -48.30, -48.32, -48.35, -48.39, -44.34, -47.36, -48.24, -48.22, -48.16, -47.77, nan, -47.88, nan, -48.37, 5.0, 5.0, 13
-48.27, -48.16, -48.30, -48.14, -48.32, -48.30, -48.40, -48.38, -44.15, -47.36, -48.26, -48.20, -48.33, -47.72, nan, -47.73, nan, -48.36, 5.0, 5.0, 19
-47.59, -46.64, -48.25, -45.93, -48.24, -47.51, -47.62, -48.35, -37.43, -43.62, -47.11, -46.44, -46.40, -42.55, nan, -41.93, nan, -48.39, 5.0, 5.0, 32
-47.53, -45.49, -48.31, -46.04, -48.12, -47.78, -47.44, -48.35, -40.43, -42.96, -46.75, -47.12, -46.23, -44.45, nan, -44.13, nan, -48.38, 5.0, 5.0, 43

=====

-37.29, -44.95, -47.60, -48.30, -44.25, -47.76, -45.23, -45.49, -47.82, -43.60, -48.26, -44.61, -48.46, -47.96, nan, -47.91, -48.05, -47.53, 1.0, 2.0, 26
-44.48, -46.59, -48.06, -44.01, -47.65, -48.33, -45.37, -44.60, -45.08, -41.35, -48.30, -48.04, -48.46, -46.98, nan, -47.85, -46.65, -47.74, 3.0, 4.0, 23
-48.27, -48.37, -48.30, -48.42, -48.28, -48.32, -48.44, -48.41, -48.31, -48.37, -48.37, -48.38, -48.45, -48.36, nan, -48.34, -48.39, -48.35, 2.0, 6.0, 29
-45.18, -44.78, -46.99, -41.51, -41.93, -48.31, -45.51, -42.34, -41.54, -41.24, -47.99, -33.29, -48.48, -36.61, -47.61, -48.16, -45.91, -47.71, 2.0, 6.0, 27
-47.92, -48.27, -48.34, -48.35, -48.22, -48.35, -48.18, -47.62, -45.54, -46.88, -48.30, -46.32, -48.46, -48.23, -48.19, -48.24, -41.94, -48.28, 3.0, 8.0, 21
-45.90, -48.33, -47.77, -47.10, -47.87, -48.32, -46.86, -44.52, -48.18, -47.23, -48.30, -45.33, -48.50, -47.44, -47.62, -47.21, -47.70, -46.06, 6.0, 7.0, 21
-43.39, -48.04, -47.63, -43.13, -46.81, -48.31, -41.54, -44.69, -41.99, -46.10, -48.32, -46.38, -48.42, -44.95, -47.93, -38.89, -46.27, -43.37, 7.0, 8.0, 28
-47.06, -48.30, -48.29, -47.45, -48.16, -48.33, -46.70, -47.55, -46.90, -48.19, -48.32, -48.29, -48.48, -48.25, -48.30, -47.09, -47.39, -40.59, 8.0, 9.0, 22
-45.46, -48.00, -48.05, -47.79, -48.22, -48.33, -46.00, -47.88, -48.20, -47.89, -48.24, -47.32, -48.46, -48.23, -48.35, -47.68, -48.38, -45.18, 9.0, 6.0, 15
-42.87, -47.14, -47.68, -44.42, -48.22, -48.33, -41.13, -45.21, -48.31, -47.29, -48.19, -47.90, -48.45, -48.19, -48.04, -48.18, -48.30, -47.75, 8.0, 5.0, 0
-36.53, -43.47, -44.81, -37.43, -47.29, -48.36, -37.81, -39.18, -48.30, -43.84, -46.97, -45.28, -48.42, -47.02, -46.75, -46.32, -47.14, -45.75, 8.0, 5.0, 24
-31.77, -42.70, -41.79, -43.27, -48.19, -48.33, -45.98, -42.72, -47.45, -48.03, -47.28, -46.97, -48.48, -45.37, -48.06, -46.35, -45.91, -44.83, 7.0, 3.0, 24
-46.46, -36.90, -46.77, -45.16, -48.12, -48.30, -47.98, -46.52, -48.09, -47.34, -48.30, -48.33, -48.46, -48.19, -48.35, -48.24, -48.10, -48.09, 6.0, 0.0, 29
-44.95, -43.43, -39.04, -36.99, -47.31, -48.32, -46.26, -46.56, -48.17, -44.80, -48.26, -48.01, -48.46, -47.28, -47.90, -48.21, -46.78, -48.21, 8.0, 0.0, 27
-45.75, -47.60, -46.87, -45.82, -48.25, -48.35, -47.36, -48.07, -48.26, -48.06, -48.29, -48.38, -48.48, -48.30, -48.34, -48.33, -48.34, -48.34, 9.0, 1.0, 12
-40.57, -46.44, -45.57, -48.26, -48.20, -48.36, -47.31, -48.18, -48.24, -47.18, -48.34, -48.39, -48.46, -47.87, -48.28, -48.32, -48.36, -47.80, 7.0, 2.0, 17
-47.92, -47.69, -47.54, -45.37, -48.10, -48.28, -47.95, -47.15, -48.05, -46.50, -48.31, -48.21, -48.46, -48.17, -48.38, -48.19, -48.34, -48.23, 6.0, 1.0, 23
-43.74, -46.24, -46.93, -44.24, -48.29, -48.30, -47.91, -47.76, -48.28, -47.96, -48.04, -48.03, -48.49, -48.31, -48.29, -48.36, -48.38, -48.02, 8.0, 3.0, 16
-40.50, -46.04, -48.05, -47.61, -48.22, -48.34, -47.27, -45.68, -45.99, -46.43, -48.31, -47.78, -48.47, -48.13, -48.30, -48.20, -48.32, -47.95, 5.0, 3.0, 9
-42.44, -44.99, -48.10, -46.21, -44.30, -48.34, -47.16, -46.37, -48.21, -45.48, -48.36, -47.00, -48.51, -48.17, -47.29, -48.22, -48.33, -48.32, 0.0, 0.0, 34
-47.00, -47.87, -48.21, -46.92, -48.28, -48.33, -48.34, -47.61, -46.22, -45.73, -48.32, -27.78, -48.50, -48.27, -48.35, -48.34, -48.33, -48.34, 1.0, 5.0, 0
-45.65, -48.10, -48.25, -46.96, -48.22, -48.33, -48.37, -46.62, -46.39, -45.65, -48.34, -28.18, -48.50, -48.35, -47.64, -48.38, -48.31, -48.39, 1.0, 5.0, 23
-47.73, -47.99, -48.31, -48.33, -48.30, -48.34, -48.40, -48.11, -48.24, -47.92, -48.37, -45.98, -48.47, -48.31, -28.06, -48.27, -48.32, -48.37, 0.0, 9.0, 29
-47.89, -47.84, -47.89, -48.14, -48.26, -48.35, -46.70, -47.99, -47.73, -48.26, -48.34, -42.46, -48.48, -40.03, -47.03, -48.35, -45.33, -48.35, 3.0, 7.0, 11
-47.60, -48.36, -48.21, -47.55, -48.19, -48.33, -47.35, -47.44, -47.64, -47.92, -48.34, -48.37, -48.49, -48.33, -48.31, -48.24, -47.54, -47.97, 5.0, 9.0, 8
-46.24, -48.26, -48.31, -48.10, -48.28, -48.30, -46.95, -47.93, -47.99, -47.94, -48.25, -48.07, -48.45, -48.26, -48.37, -47.71, -48.39, -44.41, 9.0, 7.0, 12
-41.01, -48.37, -47.12, -46.92, -47.51, -48.33, -42.99, -42.81, -47.07, -44.85, -48.15, -45.88, -48.47, -48.28, -48.11, -45.93, -48.37, -45.76, 6.0, 5.0, 0
-43.74, -48.37, -47.56, -47.61, -47.82, -48.38, -45.17, -45.11, -47.57, -45.57, -48.25, -46.93, -48.50, -48.29, -48.19, -47.24, -48.40, -46.88, 6.0, 5.0, 15
-42.64, -48.11, -47.50, -47.77, -47.87, -48.31, -45.17, -44.72, -47.52, -46.49, -48.23, -46.51, -48.49, -48.21, -48.23, -46.90, -47.79, -47.01, 6.0, 5.0, 0
-43.67, -48.29, -47.57, -47.75, -47.92, -48.30, -45.11, -44.62, -47.63, -46.55, -48.27, -46.46, -48.45, -48.29, -48.26, -47.04, -47.78, -47.03, 6.0, 5.0, 10
-45.08, -47.23, -47.85, -46.85, -48.11, -48.31, -46.85, -46.72, -46.42, -47.31, -47.87, -47.75, -48.46, -48.08, -47.61, -44.54, -43.55, -38.42, 9.0, 9.0, 24
-44.88, -48.07, -48.25, -46.80, -48.21, -48.31, -46.90, -47.54, -48.18, -47.44, -48.33, -47.13, -48.44, -47.86, -47.73, -46.39, -48.37, -48.29, 8.0, 6.0, 19
-40.69, -47.21, -46.75, -43.68, -48.12, -48.34, -45.28, -44.65, -48.17, -47.31, -48.30, -47.66, -48.47, -48.28, -48.12, -48.18, -47.90, -47.74, 6.0, 4.0, 0
-39.70, -47.18, -46.99, -43.46, -48.16, -48.30, -45.76, -45.49, -48.17, -47.62, -48.28, -47.63, -48.49, -48.08, -48.20, -48.19, -47.81, -47.98, 6.0, 4.0, 0
-41.63, -47.69, -47.35, -43.05, -48.17, -48.35, -45.36, -45.57, -48.19, -47.67, -48.30, -47.71, -48.48, -48.25, -48.25, -48.24, -47.78, -47.98, 6.0, 4.0, 22
-43.20, -47.82, -44.92, -31.01, -48.29, -48.35, -46.81, -47.16, -48.29, -48.14, -48.27, -48.41, -48.50, -48.00, -48.32, -48.35, -47.94, -48.31, 8.0, 2.0, 0
-42.00, -46.59, -39.68, -22.38, -48.22, -48.35, -42.70, -43.17, -48.14, -46.85, -47.82, -48.11, -48.44, -46.29, -48.16, -47.93, -46.33, -47.97, 8.0, 2.0, 31
-41.31, -42.43, -32.66, -43.03, -48.19, -48.30, -47.35, -47.86, -48.28, -46.48, -48.31, -48.38, -48.48, -47.28, -48.19, -48.22, -48.26, -48.07, 9.0, 0.0, 26
-42.31, -42.30, -42.77, -42.57, -47.88, -48.30, -45.72, -43.76, -48.15, -45.01, -48.37, -47.30, -48.47, -46.99, -48.10, -47.88, -48.06, -47.85, 7.0, 1.0, 24
-40.79, -46.72, -48.08, -48.33, -48.03, -48.35, -47.14, -45.96, -47.79, -47.68, -48.34, -47.45, -48.47, -48.27, -48.31, -48.31, -48.29, -48.25, 5.0, 2.0, 18
-40.28, -47.53, -48.03, -47.61, -47.37, -48.32, -48.14, -47.98, -48.13, -46.58, -48.37, -47.97, -48.48, -48.00, -48.25, -48.32, -48.26, -48.21, 1.0, 3.0, 0
-41.72, -47.65, -48.07, -48.07, -48.14, -48.32, -48.26, -48.08, -48.06, -47.04, -48.36, -48.00, -48.47, -48.10, -48.31, -48.30, -48.28, -48.28, 1.0, 3.0, 0
-44.03, -48.16, -48.26, -48.08, -47.66, -48.30, -48.35, -48.17, -48.04, -46.75, -48.33, -48.27, -48.46, -48.09, -48.34, -48.35, -48.21, -48.28, 1.0, 3.0, 9
-48.18, -47.83, -48.32, -47.69, -47.84, -48.32, -48.25, -47.93, -48.31, -47.51, -48.38, -48.10, -48.47, -47.00, -48.17, -48.37, -48.12, -48.37, 1.0, 6.0, 18
-47.66, -48.25, -48.33, -47.55, -48.15, -48.33, -48.37, -48.19, -48.24, -47.60, -48.35, -46.26, -48.44, -48.18, -47.96, -48.31, -48.33, -48.34, 0.0, 5.0, 17
-47.33, -47.81, -48.26, -47.79, -47.82, -48.32, -47.48, -47.99, -47.83, -48.01, -48.35, -47.11, -48.42, -37.98, -47.37, -48.34, -48.14, -48.38, 4.0, 6.0, 21
-44.29, -47.93, -48.13, -48.19, -48.20, -48.32, -47.61, -47.07, -44.81, -47.71, -48.33, -44.99, -48.47, -47.89, -48.10, -46.60, -23.78, -48.32, 4.0, 9.0, 0
-43.04, -47.69, -48.00, -48.08, -48.27, -48.31, -47.94, -47.69, -46.27, -47.98, -48.39, -42.48, -48.49, -47.93, -47.91, -47.18, -27.39, -48.22, 4.0, 9.0, 2
--
-46.99, -48.30, -48.26, -47.99, -48.25, -48.34, -47.98, -48.14, -48.23, nan, -48.38, -48.39, -48.49, -48.32, -48.34, -47.86, -47.23, -48.28, 5.0, 9.0, 0
-47.29, -48.35, -48.22, -48.16, -48.30, -48.35, -48.12, -48.28, -48.27, nan, -48.34, -48.35, -48.47, -48.32, -48.33, -48.19, -47.03, -48.32, 5.0, 9.0, 17
--
below are valid data
--
-48.21, -48.34, -48.31, -48.41, -48.31, -48.14, -48.46, -48.38, -48.34, -48.31, -48.34, -48.38, -48.54, -48.27, -48.32, -48.42, -48.29, -48.38, 1.0, 2.0, 0
-48.22, -48.25, -48.29, -48.38, -48.26, -47.74, -48.37, -48.38, -48.23, -47.30, -48.37, -47.33, -48.51, -48.17, -48.11, -48.35, -48.33, -48.32, 1.0, 2.0, 0
-48.21, -48.24, -48.31, -48.32, -48.26, -47.66, -48.37, -48.42, -48.15, -47.06, -48.29, -47.19, -48.49, -48.08, -48.20, -48.32, -48.30, -48.35, 1.0, 2.0, 0
-48.10, -48.24, -48.31, -48.42, -47.52, -45.86, -48.38, -48.36, -48.26, -48.13, -48.33, -48.18, -48.47, -48.31, -48.19, -48.39, -48.36, -48.34, 1.0, 2.0, 34
-31.19, -34.45, -45.43, -43.57, -34.16, -37.51, -40.52, -48.36, -40.75, -36.27, -48.29, -40.33, -48.28, -43.74, -42.51, -47.44, -47.56, -47.56, 4.0, 2.0, 29
-43.72, -48.33, -48.34, -48.32, -48.28, -48.31, -48.38, -48.42, -48.30, -48.34, -48.40, -48.48, -48.45, -48.34, -48.32, -48.32, -48.38, -48.32, 6.0, 2.0, 36
-48.07, -48.41, -48.37, -48.32, -48.23, -48.26, -48.36, -48.37, -48.24, -48.28, -48.36, -48.34, -48.43, -48.32, -48.29, -48.36, -48.36, -48.28, 5.0, 5.0, 14
-47.80, -48.40, -48.33, -48.44, -48.16, -46.81, -48.15, -48.43, -48.10, -48.22, -48.39, -46.93, -48.42, -48.14, -48.11, -48.34, -48.28, -48.32, 5.0, 5.0, 0
-48.12, -48.34, -48.31, -48.29, -48.23, -48.25, -48.31, -48.38, -48.31, -48.31, -48.38, -48.31, -48.48, -48.31, -48.42, -48.25, -48.27, -48.34, 5.0, 5.0, 23
-45.17, -48.44, -47.69, -47.36, -47.86, -46.97, -40.09, -48.33, -44.14, -42.67, -48.36, -46.94, -46.69, -45.24, -47.97, -48.14, -45.76, -48.14, 5.0, 5.0, 16
-48.31, -48.42, -48.25, -48.43, -48.36, -48.38, -48.35, -48.48, -45.26, -48.27, -48.40, -48.41, -48.50, -48.39, -48.37, -48.23, -48.40, -48.34, 4.0, 6.0, 26
-46.95, -48.46, -48.21, -48.11, -47.15, -47.55, -47.71, -48.41, -39.35, -47.30, -48.34, -48.42, -47.76, -29.29, -46.80, -47.30, -44.29, -47.49, 2.0, 7.0, 27
-47.22, -48.41, -48.11, -48.28, -45.77, -47.66, -48.11, -48.43, -42.53, -47.15, -48.29, -47.52, -48.07, -36.66, -46.82, -47.43, -37.69, -47.50, 2.0, 8.0, 6
-48.20, -48.38, -48.37, -48.44, -48.41, -47.95, -48.37, -48.40, -48.08, -48.23, -48.28, -47.93, -48.47, -48.03, -48.31, nan, -48.14, -48.32, 2.0, 8.0, 5
-47.35, -48.40, -48.14, -48.21, -47.64, -48.12, -47.77, -48.44, -42.86, -47.69, -48.41, -48.17, -48.43, -42.91, -47.83, -48.03, -41.91, -48.07, 2.0, 8.0, 47
-46.98, -48.40, -48.07, -48.19, -47.46, -47.89, -47.67, -48.46, -42.21, -47.44, -48.38, -48.20, -48.37, -42.01, -47.71, -48.03, -41.14, -48.05, 2.0, 8.0, 47
-48.17, -48.35, -48.35, -48.41, -48.27, -48.03, -48.39, -48.37, -48.19, -48.38, -48.27, -48.10, -48.38, -48.40, -48.37, -48.47, -48.36, -48.40, 2.0, 8.0, 47
-48.22, -48.32, -48.33, -48.49, -48.40, -48.23, -48.38, -48.41, -48.31, -48.30, -48.29, -48.36, -48.44, -48.21, -48.39, -48.37, -48.35, -48.44, 2.0, 8.0, 14
-48.18, -48.38, -48.31, -48.34, -48.27, -48.32, -48.46, -48.38, -48.26, -48.25, -48.39, -48.43, -48.39, -48.31, -48.32, -47.58, -46.37, -48.23, 5.0, 9.0, 38
-45.46, -48.35, -45.81, -45.95, -46.69, -46.76, -36.24, -48.39, -39.81, -40.51, -48.07, -46.31, -35.76, -43.45, -45.06, -36.03, -35.42, -32.19, 7.0, 8.0, 16
-48.14, -48.48, -48.35, -48.33, -48.25, -48.25, -47.59, -48.35, -48.21, -48.30, -48.38, -48.34, -42.53, -48.19, -48.38, -48.18, -48.09, -48.12, 9.0, 7.0, 16
-48.08, -48.34, -48.29, -48.34, -48.28, -48.24, -48.39, -48.38, -48.21, -48.28, -48.40, -48.32, -47.35, -48.18, -48.24, -48.12, -48.38, -48.13, 9.0, 8.0, 16
-48.17, -48.39, -48.35, -48.38, -48.34, -48.36, -48.31, -48.47, -48.14, -48.23, -48.27, -48.39, -47.28, -48.26, -48.30, -48.14, -48.40, -47.95, 9.0, 8.0, 36
-42.65, -48.30, -47.12, -46.04, -47.74, -48.04, -43.88, -48.40, -40.53, -44.12, -47.02, -47.53, -35.00, -44.09, -46.11, -41.11, -44.95, -37.64, 9.0, 8.0, 30
-44.36, -48.34, -47.88, -46.72, -48.23, -48.25, -45.26, -48.36, -45.10, -46.81, -48.02, -48.26, -38.20, -46.40, -47.82, -45.23, -46.87, -42.20, 9.0, 8.0, 14
-48.16, -48.39, -48.38, -48.21, -48.28, -48.29, -48.35, -48.40, -48.25, -48.31, -48.25, -48.33, -47.84, -48.31, -48.39, -48.34, -48.35, -48.31, 9.0, 8.0, 11
-48.07, -48.41, -48.22, -48.34, -48.34, -48.39, -48.40, -48.39, -48.25, -48.30, -48.34, -48.36, -47.98, -48.39, -48.36, -48.45, -48.40, -48.34, 8.0, 4.0, 42
-29.16, -48.08, -37.91, -35.28, -39.56, -47.05, -32.95, -48.47, -39.05, -40.45, -44.41, -40.17, -27.06, -37.37, -40.86, -45.88, -36.44, -33.22, 8.0, 4.0, 44
-28.58, -47.95, -37.85, -34.92, -39.00, -47.92, -32.39, -48.43, -38.39, -40.65, -44.13, -39.70, -26.30, -36.11, -39.90, -45.70, -35.76, -32.51, 8.0, 4.0, 25
-43.46, -48.45, -48.12, -47.44, -47.62, -47.16, -45.33, -48.39, -47.53, -47.82, -48.24, -46.84, -40.53, -46.93, -47.79, -48.30, -46.83, -45.38, 8.0, 4.0, 21
-41.14, -48.41, -47.88, -36.56, -47.23, -48.08, -46.51, -48.37, -48.15, -46.55, -48.20, -48.15, -47.18, -48.22, -48.31, -48.31, -48.28, -47.69, 8.0, 2.0, 29
-35.34, -48.30, -44.79, -30.79, -44.60, -47.77, -43.75, -48.37, -47.36, -43.23, -47.92, -47.60, -43.87, -47.41, -48.13, -48.32, -47.44, -45.55, 8.0, 2.0, 47
-30.26, -47.10, -27.24, -23.34, -37.95, -45.20, -31.96, -48.39, -42.45, -36.32, -43.70, -44.55, -32.26, -39.37, -42.49, -46.08, -41.18, -35.60, 9.0, 1.0, 14
-47.81, -48.44, -47.52, -47.77, -48.12, -47.22, -48.21, -48.43, -48.18, -48.15, -48.37, -47.22, -48.42, -48.14, -48.14, -48.36, -48.26, -48.36, 9.0, 1.0, 34
-38.98, -48.36, -36.00, -33.79, -45.37, -47.76, -41.85, -48.46, -47.63, -44.46, -47.96, -47.60, -41.32, -46.47, -47.79, -48.07, -47.03, -44.29, 9.0, 1.0, 15
-48.37, -48.34, nan, nan, -48.31, -48.36, -48.37, -48.41, -48.34, -48.33, -48.38, -48.40, -48.47, -48.44, -48.33, -48.45, nan, -48.28, 9.0, 0.0, 25
-41.47, -43.68, -41.57, -37.95, -47.87, -48.32, -47.43, -48.38, -48.19, -47.43, -48.29, -48.36, -48.51, -48.01, -48.26, -48.35, -48.09, -48.30, 9.0, 0.0, 32
-36.65, -40.16, -37.84, -33.38, -46.52, -48.02, -45.55, -48.47, -48.14, -45.13, -48.28, -48.37, -48.45, -47.05, -47.95, -48.40, -47.53, -47.78, 9.0, 0.0, 26
-41.47, -43.76, -42.35, -37.93, -48.05, -48.34, -47.66, -48.40, -48.26, -47.45, -48.36, -48.36, -48.54, -48.03, -48.17, -48.30, -48.12, -48.30, 9.0, 0.0, 28
-33.25, -37.56, -47.80, -34.20, -44.37, -48.09, -47.26, -48.38, -47.71, -43.88, -48.30, -48.24, -48.57, -47.11, -48.11, -48.29, -47.53, -48.23, 8.0, 1.0, 25
-35.96, -39.99, -48.09, -36.49, -47.07, -48.31, -47.92, -48.44, -47.85, -45.78, -48.34, -48.35, -48.50, -47.62, -48.28, -48.40, -47.95, -48.26, 8.0, 1.0, 25
-35.85, -39.97, -47.63, -36.88, -45.42, -48.24, -47.92, -48.40, -48.04, -45.48, -48.39, -48.29, -48.50, -47.60, -48.27, -48.38, -48.07, -48.22, 8.0, 1.0, 0
-47.78, -47.71, -48.09, -47.60, -48.15, -48.36, -48.53, -48.41, -48.29, -48.29, -48.45, -48.38, -48.52, -48.32, -48.36, -48.37, -48.43, -48.43, 8.0, 1.0, 33
-48.08, -48.32, -48.35, -48.41, -46.47, -48.15, -48.49, -48.48, -48.28, -47.96, -48.33, -48.34, -48.51, -48.40, -48.37, -48.34, -48.37, -48.32, 9.0, 2.0, 24
-44.61, -46.39, -43.42, -44.04, -47.73, -48.24, -45.69, -48.47, -48.25, -46.34, -48.27, -48.40, -48.57, -48.20, -48.36, -48.31, -48.03, -48.01, 9.0, 2.0, 19
-46.68, -47.98, -45.76, -46.44, -46.32, -48.32, -47.25, -48.50, -48.27, -47.27, -48.36, -48.21, -48.42, -48.36, -48.32, -48.32, -48.25, -48.36, 9.0, 2.0, 27
-39.35, -43.30, -39.71, -37.26, -47.52, -48.14, -39.74, -48.33, -48.00, -43.81, -48.33, -48.29, -48.46, -47.11, -48.21, -48.34, -47.28, -47.56, 8.0, 3.0, 32
-36.34, -40.96, nan, -34.19, -47.10, -47.81, -36.41, -48.44, -47.60, -40.85, -48.23, -48.15, -48.43, -45.99, -47.71, nan, -46.63, -47.13, 8.0, 3.0, 32
-36.51, -41.11, nan, -34.40, -47.07, -47.85, -37.44, -48.38, -47.80, -42.10, -48.13, -48.19, -48.44, -46.29, -47.83, -48.42, -46.32, -47.08, 8.0, 3.0, 27
-41.32, -47.05, -41.77, -42.68, -47.82, -48.09, -44.81, -48.44, -48.15, -47.34, -39.80, -48.30, -48.41, -47.70, -47.61, -48.19, -47.94, -46.37, 9.0, 4.0, 37
-34.02, -42.73, -34.31, -34.14, -46.44, -47.37, -37.30, -48.40, -46.16, -43.70, nan, -47.33, -48.33, -44.00, -43.60, nan, -44.35, -38.81, 9.0, 4.0, 22
