3 1 0.296812314453 1
5 0 0.301717873615 1
8 0 0.280520018081 1
7 2 0.333061858648 1
0 2 0.267051199616 1
1 0 0.276196019791 1
6 5 0.2566492767 1
5 3 0.264226703499 1
4 6 0.241650286139 1
3 4 0.350023752615 1
9 4 0.233570018269 1
1 4 0.348678372253 1
8 7 0.291247609968 1
2 7 0.296934377833 1
0 8 0.266419608048 1
5 8 0.277958868115 1
3 9 0.29152928536 1
8 9 0.231711989341 1
0 0 0.288850520609 1
0 1 0.299069914643 1
0 3 0.334151551287 1
0 4 0.34150900634 1
0 5 0.356919698319 1
0 6 0.329609917502 1
0 7 0.331746077076 1
0 9 0.28972175212 1
1 1 0.316342887578 1
1 2 0.317801459791 1
1 3 0.372040831866 1
1 5 0.392135082219 1
1 6 0.355870959302 1
1 7 0.333287833884 1
1 8 0.324112377921 1
1 9 0.294757222994 1
2 0 0.302509723099 1
2 1 0.320981743768 1
2 2 0.337345487334 1
2 3 0.366307496832 1
2 4 0.35786170592 1
2 5 0.375018425675 1
2 6 0.332145422435 1
2 8 0.325465665697 1
2 9 0.302427611633 1
3 0 0.301825540656 1
3 2 0.359705651103 1
3 3 0.355463885804 1
3 5 0.340363773946 1
3 6 0.315584620129 1
3 7 0.313850801882 1
3 8 0.313461070251 1
4 0 0.322990348734 1
4 1 0.334475070508 1
4 2 0.339177097319 1
4 3 0.340643295146 1
4 4 0.332731451327 1
4 5 0.310864539636 1
4 7 0.296925651301 1
4 8 0.307202621355 1
4 9 0.312425342333 1
5 1 0.327091858091 1
5 2 0.333305336465 1
5 4 0.311575217898 1
5 5 0.292146019147 1
5 6 0.300760583523 1
5 7 0.318575286611 1
5 9 0.304089932036 1
6 0 0.337127900562 1
6 1 0.353696160865 1
6 2 0.347519773051 1
6 3 0.328852276329 1
6 4 0.319998574118 1
6 6 0.304898846095 1
6 7 0.326628978225 1
6 8 0.3275996774 1
6 9 0.325988324413 1
7 0 0.31904572836 1
7 1 0.334621340183 1
7 3 0.332988447276 1
7 4 0.329894474682 1
7 5 0.319167759706 1
7 6 0.335069451156 1
7 7 0.329642044254 1
7 8 0.30488187196 1
7 9 0.300582406201 1
8 1 0.344164375726 1
8 2 0.35752221305 1
8 3 0.34434246336 1
8 4 0.302704546829 1
8 5 0.298897136894 1
8 6 0.316770269644 1
8 8 0.309354780514 1
9 0 0.329307382489 1
9 1 0.317024316946 1
9 2 0.320155490074 1
9 3 0.309410360255 1
9 5 0.293471348894 1
9 6 0.317114700594 1
9 7 0.305273818894 1
9 8 0.308893565921 1
9 9 0.286785095123 1
