0 0 2 0 -39.1440955878 0.827644535693
0 0 5 0 -47.9872741333 0.221904792044
0 0 9 1 -48.3233428941 0.192764121732
0 0 7 1 -48.2978779765 0.223710265171
0 0 2 2 -44.3823154509 0.535741367866
0 0 0 1 -36.2116335458 1.73989666517
0 0 8 5 -48.409872225 0.188684485449
0 0 8 3 -48.3670278889 0.214784917815
0 0 3 5 -48.0983135353 0.252682521363
0 0 5 3 -48.3570952667 0.169622303813
0 0 5 5 -48.4021289714 0.180241450251
0 0 1 4 -48.2297793 0.27211590048
0 0 7 7 -48.4619453762 0.203140514766
0 0 1 7 -48.3418627385 0.192871899825
0 0 1 9 -48.3253981719 0.20168678063
0 0 6 9 -48.3847179095 0.204044551651
0 0 4 8 -48.3588289381 0.206656663082
0 0 9 8 -48.4018411059 0.202459133645
0 1 2 0 -38.5699290841 0.591763025582
0 1 5 0 -47.0279242667 0.312454203344
0 1 9 1 -48.1709578521 0.225655327532
0 1 7 1 -48.0310405608 0.225969259339
0 1 2 2 -38.7725953083 0.960410385391
0 1 0 1 -28.3304783812 3.0
0 1 8 5 -48.3458682167 0.22328153822
0 1 8 3 -48.2448228889 0.216138152057
0 1 3 5 -47.0527970471 0.30055343417
0 1 5 3 -48.3794854667 0.246037941208
0 1 5 5 -48.3426246095 0.189070827835
0 1 1 4 -47.3182120667 0.328718388398
0 1 7 7 -48.4314751524 0.222743062811
0 1 1 7 -48.2792709667 0.203430044544
0 1 1 9 -48.2736116088 0.226109444854
0 1 6 9 -48.3845914952 0.196257980455
0 1 4 8 -48.3733062857 0.191842169702
0 1 9 8 -48.3939734392 0.206278774811
0 2 2 0 -43.0711772846 0.566953959084
0 2 5 0 -46.8676341 0.262586669508
0 2 9 1 -48.2344093489 0.214081906129
0 2 7 1 -48.0260951882 0.221419236497
0 2 2 2 -38.4524986368 0.887836247155
0 2 0 1 -31.6118004 1.64857056976
0 2 8 5 -48.370555775 0.205202336582
0 2 8 3 -48.2644502444 0.212560888075
0 2 3 5 -46.8438007412 0.297637048064
0 2 5 3 -48.3947624333 0.217260831908
0 2 5 5 -48.3011461952 0.179715026331
0 2 1 4 -47.1377578 0.417103566711
0 2 7 7 -48.4153922762 0.210544675909
0 2 1 7 -48.2209877205 0.199520792818
0 2 1 9 -48.1835355772 0.196978752382
0 2 6 9 -48.3914041095 0.202890500629
0 2 4 8 -48.3649616381 0.202796601629
0 2 9 8 -48.4227170647 0.182921961177
0 3 2 0 -46.569217141 0.3656859418
0 3 5 0 -48.1505642 0.234440239336
0 3 9 1 -48.3297855438 0.207915300636
0 3 7 1 -48.2590233078 0.199670082481
0 3 2 2 -41.518643475 0.937800880041
0 3 0 1 -40.4933383497 0.827561382678
0 3 8 5 -48.441045225 0.194240532172
0 3 8 3 -48.3459947259 0.181659256187
0 3 3 5 -45.7952722941 0.312775124621
0 3 5 3 -48.4344688333 0.246747092945
0 3 5 5 -48.3804111095 0.216355122084
0 3 1 4 -35.150634 0.137950478679
0 3 7 7 -48.4305106571 0.209971018474
0 3 1 7 -48.2841446077 0.196770513975
0 3 1 9 -48.2655242404 0.227019130902
0 3 6 9 -48.3057874429 0.178823896341
0 3 4 8 -48.2786120571 0.205183957617
0 3 9 8 -48.3939425431 0.187223348253
0 4 2 0 -47.4488876615 0.305415381524
0 4 5 0 -48.3765268 0.192608430192
0 4 9 1 -48.3283672324 0.224240501528
0 4 7 1 -48.2497667118 0.233469718626
0 4 2 2 -47.0283326702 0.284277493537
0 4 0 1 -44.2983986159 0.521801498142
0 4 8 5 -48.41796845 0.216642182578
0 4 8 3 -48.2865434333 0.226093971997
0 4 3 5 -46.3074437706 0.456177883044
0 4 5 3 -48.3887343667 0.182169237678
0 4 5 5 -48.3552623476 0.220308167031
0 4 1 4 -33.8062174667 1.79778258962
0 4 7 7 -48.4462374286 0.231486427802
0 4 1 7 -48.3131803385 0.214814404417
0 4 1 9 -48.2451180211 0.223725764679
0 4 6 9 -48.3289605286 0.195998362373
0 4 4 8 -48.2936161762 0.213812325114
0 4 9 8 -48.3972580118 0.196711233134
0 5 2 0 -48.1529950231 0.210856406292
0 5 5 0 -48.3969534 0.196702255917
0 5 9 1 -48.395198468 0.201170616352
0 5 7 1 -48.3334976843 0.197496965617
0 5 2 2 -48.0310597105 0.235336637942
0 5 0 1 -47.6991557207 0.251123535774
0 5 8 5 -48.4421594333 0.209210487799
0 5 8 3 -48.3565204704 0.204023175928
0 5 3 5 -46.0910405725 0.311738244972
0 5 5 3 -48.3281947 0.243238240594
0 5 5 5 -48.345784919 0.212082648605
0 5 1 4 -40.8707342 0.68316728855
0 5 7 7 -48.454669619 0.215775547463
0 5 1 7 -45.1512717703 0.640996543131
0 5 1 9 -47.5814964667 0.246148237995
0 5 6 9 -48.3254563381 0.217223436965
0 5 4 8 -48.2851047143 0.22154218231
0 5 9 8 -48.390006702 0.205283113836
0 6 2 0 -48.261381959 0.211266809704
0 6 5 0 -48.3072491667 0.192971715449
0 6 9 1 -48.3662109014 0.228943120886
0 6 7 1 -48.3135235098 0.218036846854
0 6 2 2 -48.2505505754 0.208967315435
0 6 0 1 -48.1682177207 0.212213085722
0 6 8 5 -48.3914181417 0.21640904213
0 6 8 3 -48.3332607667 0.217312212464
0 6 3 5 -47.0136752176 0.267362097574
0 6 5 3 -48.3582804667 0.18622498681
0 6 5 5 -48.2975957333 0.187039355651
0 6 1 4 -43.4355111 0.47264998518
0 6 7 7 -48.4141808333 0.210185040811
0 6 1 7 -40.6558573453 1.04783718355
0 6 1 9 -45.9884871684 0.448534498323
0 6 6 9 -48.3348365333 0.205196699512
0 6 4 8 -48.2218733667 0.201018207613
0 6 9 8 -48.3716932235 0.216149069086
0 7 2 0 -48.3170756513 0.216787522942
0 7 5 0 -48.3762977 0.174443369894
0 7 9 1 -48.3808287986 0.171578331138
0 7 7 1 -48.3777843275 0.170519952232
0 7 2 2 -48.3318212596 0.221536005425
0 7 0 1 -48.2577452897 0.197545349018
0 7 8 5 -48.360064325 0.181631642839
0 7 8 3 -48.3474737778 0.171938922886
0 7 3 5 -48.0382470725 0.275385630294
0 7 5 3 -48.3735795667 0.246124210284
0 7 5 5 -48.135771319 0.195975594581
0 7 1 4 -48.1399178667 0.2384753148
0 7 7 7 -48.3920750905 0.207100599078
0 7 1 7 -36.1817525592 1.56124605734
0 7 1 9 -37.3489972645 0.956087293849
0 7 6 9 -48.3578698238 0.207702279593
0 7 4 8 -48.0964952048 0.252417277123
0 7 9 8 -48.3489174157 0.218619374107
0 8 2 0 -48.3282889256 0.215075381728
0 8 5 0 -48.3150707 0.185014374281
0 8 9 1 -48.3689621557 0.183635371771
0 8 7 1 -48.3441637 0.170842764766
0 8 2 2 -48.340912907 0.210314332368
0 8 0 1 -48.295277492 0.238377946124
0 8 8 5 -48.3806940417 0.239910998465
0 8 8 3 -48.3483221667 0.2066455306
0 8 3 5 -48.1237813706 0.196401513665
0 8 5 3 -48.4026829 0.150748996395
0 8 5 5 -48.2273762524 0.221659814234
0 8 1 4 -48.4053587333 0.228552478926
0 8 7 7 -48.3984413 0.226955501566
0 8 1 7 -37.6297670077 1.06054892625
0 8 1 9 -36.5846285772 1.42377519449
0 8 6 9 -48.3794657524 0.191340990851
0 8 4 8 -48.1868149286 0.200765871458
0 8 9 8 -48.3734370667 0.213025881063
0 9 2 0 -48.3409250487 0.192759268883
0 9 5 0 -48.3358428 0.245201403621
0 9 9 1 -48.3917386543 0.191115976364
0 9 7 1 -48.3669270255 0.186561074023
0 9 2 2 -48.3746687491 0.188047119783
0 9 0 1 -48.3272714506 0.193193510894
0 9 8 5 -48.4140854083 0.174553340044
0 9 8 3 -48.389142463 0.172796413379
0 9 3 5 -48.2503111176 0.23533335751
0 9 5 3 -48.3619861 0.202948167921
0 9 5 5 -48.3639443 0.214289514035
0 9 1 4 -48.3212086667 0.200386326806
0 9 7 7 -48.3764949381 0.157728591102
0 9 1 7 -41.2647212605 0.966665015221
0 9 1 9 -32.5576248226 2.16299324272
0 9 6 9 -48.2714237429 0.180145136936
0 9 4 8 -47.9270961333 0.219887116152
0 9 9 8 -48.3532731098 0.177956098498
1 0 2 0 -34.3327898077 2.33928682578
1 0 5 0 -47.3346529 0.298983597626
1 0 9 1 -48.2502571397 0.242922950579
1 0 7 1 -48.1242066549 0.22369458577
1 0 2 2 -43.2919924228 0.951659552929
1 0 0 1 -41.0888937874 1.32763155736
1 0 8 5 -48.3920946833 0.224575666553
1 0 8 3 -48.3245868778 0.22462497264
1 0 3 5 -47.4813978569 0.290868994593
1 0 5 3 -48.2976228 0.158674820016
1 0 5 5 -48.3365134571 0.176797374888
1 0 1 4 -47.2119722 0.267022736132
1 0 7 7 -48.3892630524 0.187313232779
1 0 1 7 -48.2490465692 0.212915004133
1 0 1 9 -48.3116442246 0.224408416194
1 0 6 9 -48.3765112333 0.202261482131
1 0 4 8 -48.3765910524 0.218772474736
1 0 9 8 -48.3932029627 0.185191675754
1 1 2 0 -33.636062487 0.956363260071
1 1 5 0 -45.5952782667 0.247769417449
1 1 9 1 -48.0908107831 0.251270296976
1 1 7 1 -47.8122847471 0.262999331092
1 1 2 2 -37.3455677392 1.48144921036
1 1 0 1 -36.8538270125 1.38183216015
1 1 8 5 -48.3922054 0.17079569512
1 1 8 3 -48.2653050296 0.209537665825
1 1 3 5 -47.1123825235 0.258830976049
1 1 5 3 -48.4371117667 0.207031574149
1 1 5 5 -48.3701332143 0.185432875251
1 1 1 4 -45.0602977 0.350843544805
1 1 7 7 -48.4595630857 0.179173567627
1 1 1 7 -48.3269119385 0.221812256243
1 1 1 9 -48.3334859439 0.225644695235
1 1 6 9 -48.3737796857 0.172263957517
1 1 4 8 -48.3594324714 0.173700599001
1 1 9 8 -48.4068445686 0.18836430309
1 2 2 0 -37.4274588194 0.526139614608
1 2 5 0 -45.6389978333 0.257951355318
1 2 9 1 -47.9216672406 0.241788415392
1 2 7 1 -47.5907399118 0.265361765037
1 2 2 2 -32.4083025512 1.8277617463
1 2 0 1 -36.0625424286 0.944004064891
1 2 8 5 -48.3439137583 0.230978272521
1 2 8 3 -48.1156417037 0.248681267543
1 2 3 5 -45.6243626333 0.28820360316
1 2 5 3 -48.4041685 0.198948337093
1 2 5 5 -48.2731413381 0.215743644769
1 2 1 4 -40.5172764667 0.197792608726
1 2 7 7 -48.4052567143 0.244658789276
1 2 1 7 -48.1338498564 0.195567830462
1 2 1 9 -48.1660360526 0.196151797537
1 2 6 9 -48.3873925476 0.181909777684
1 2 4 8 -48.3546639476 0.174912883875
1 2 9 8 -48.401263598 0.210915462429
1 3 2 0 -46.7728594974 0.383356448898
1 3 5 0 -48.0028467333 0.327212918238
1 3 9 1 -48.3402941502 0.200194687622
1 3 7 1 -48.2380185471 0.220394463238
1 3 2 2 -38.0744810592 1.4024634894
1 3 0 1 -41.0737063782 0.765083219033
1 3 8 5 -48.3949137167 0.203132863582
1 3 8 3 -48.2948228815 0.203668940838
1 3 3 5 -43.8275786627 0.273188321793
1 3 5 3 -48.3168706333 0.210021152819
1 3 5 5 -48.3273457095 0.218681036386
1 3 1 4 -34.6140118 0.404946791847
1 3 7 7 -48.4665275095 0.210871953538
1 3 1 7 -48.3085129564 0.221163636269
1 3 1 9 -48.3376042439 0.230604706262
1 3 6 9 -48.3809000286 0.195215202358
1 3 4 8 -48.3729062952 0.215272307535
1 3 9 8 -48.4138111549 0.19028630123
1 4 2 0 -47.4602654667 0.256838110581
1 4 5 0 -48.2305585333 0.226513031732
1 4 9 1 -48.2953449091 0.250905250954
1 4 7 1 -48.2233630333 0.254816305363
1 4 2 2 -46.7517410947 0.259356639944
1 4 0 1 -45.9039380816 0.230417657535
1 4 8 5 -48.372649975 0.194513333683
1 4 8 3 -48.2610814148 0.228037858858
1 4 3 5 -44.481396451 0.780259642576
1 4 5 3 -48.4345365667 0.181384244467
1 4 5 5 -48.2858338333 0.194921084867
1 4 1 4 -22.8363221667 0.951813292258
1 4 7 7 -48.4254608238 0.184178661091
1 4 1 7 -48.1971091615 0.204126352864
1 4 1 9 -48.2478315947 0.191410140209
1 4 6 9 -48.3473197762 0.193181767434
1 4 4 8 -48.3139463524 0.201802091298
1 4 9 8 -48.363489851 0.207772553523
1 5 2 0 -48.1227734308 0.227115734969
1 5 5 0 -48.3047664333 0.204927877086
1 5 9 1 -48.3407848895 0.203752533849
1 5 7 1 -48.3109976392 0.206401287806
1 5 2 2 -48.0001763404 0.238328237957
1 5 0 1 -48.0178974471 0.203503463352
1 5 8 5 -48.36414355 0.207487852466
1 5 8 3 -48.2983873037 0.212128627333
1 5 3 5 -44.2198095307 0.632054644843
1 5 5 3 -48.3313924 0.208295636076
1 5 5 5 -48.2327765048 0.237322110378
1 5 1 4 -39.2397279333 1.55372161407
1 5 7 7 -48.4427363048 0.18661100841
1 5 1 7 -45.2260071688 0.672322840972
1 5 1 9 -47.9996055561 0.278558366107
1 5 6 9 -48.2883438952 0.189372168969
1 5 4 8 -48.2006569571 0.216233028567
1 5 9 8 -48.4401373647 0.170872890343
1 6 2 0 -48.1336269949 0.226198552386
1 6 5 0 -48.2855220667 0.187359012191
1 6 9 1 -48.3767373571 0.180379898569
1 6 7 1 -48.3196412824 0.200448952858
1 6 2 2 -48.0897155053 0.241782577609
1 6 0 1 -48.1318750563 0.227269972341
1 6 8 5 -48.3870305583 0.181687448426
1 6 8 3 -48.3323216704 0.193662560204
1 6 3 5 -47.7996894902 0.284352639235
1 6 5 3 -48.3423502333 0.201961252542
1 6 5 5 -48.1017130238 0.241816506665
1 6 1 4 -45.7965315 0.489563634617
1 6 7 7 -48.4164581048 0.195483702333
1 6 1 7 -38.4421200725 1.97246383053
1 6 1 9 -46.1524835351 0.597024898668
1 6 6 9 -48.2917925429 0.204267256817
1 6 4 8 -48.1284620286 0.264612128052
1 6 9 8 -48.4247054137 0.167642513173
1 7 2 0 -48.2945793538 0.19917910667
1 7 5 0 -48.3921096667 0.180828793038
1 7 9 1 -48.3837167626 0.223278279972
1 7 7 1 -48.3552529804 0.225915118775
1 7 2 2 -48.3219544526 0.208419950569
1 7 0 1 -48.2378124931 0.228795022455
1 7 8 5 -48.3573364 0.219542844572
1 7 8 3 -48.3211023778 0.233165133536
1 7 3 5 -47.4827404902 0.1987592646
1 7 5 3 -48.4358740333 0.22070597825
1 7 5 5 -47.7005675857 0.203132218184
1 7 1 4 -48.0023758333 0.227298022459
1 7 7 7 -48.4217067952 0.20166520259
1 7 1 7 -28.3304783812 3.0
1 7 1 9 -40.2814116786 0.990414933993
1 7 6 9 -48.3452147048 0.185755799541
1 7 4 8 -47.5042834952 0.189461761542
1 7 9 8 -48.4187554686 0.222344208982
1 8 2 0 -48.295136759 0.219784787696
1 8 5 0 -48.4032992333 0.186198233892
1 8 9 1 -48.3981524667 0.225808338559
1 8 7 1 -48.3590786941 0.184568029838
1 8 2 2 -48.3773336 0.226667723948
1 8 0 1 -48.2788089747 0.226014738915
1 8 8 5 -48.4159210667 0.219387527345
1 8 8 3 -48.3623482111 0.195247149259
1 8 3 5 -48.1868822196 0.206348210607
1 8 5 3 -48.3942103 0.168866562024
1 8 5 5 -48.3139456048 0.183281015705
1 8 1 4 -48.1029500333 0.252638134449
1 8 7 7 -48.4040109762 0.20159212602
1 8 1 7 -35.9319904658 1.40746876186
1 8 1 9 -33.7825031179 1.86934044068
1 8 6 9 -48.2850015476 0.181359788204
1 8 4 8 -47.8108805619 0.2547358001
1 8 9 8 -48.3836476216 0.182419769992
1 9 2 0 -48.3442512333 0.194163343718
1 9 5 0 -48.4397649333 0.200744075996
1 9 9 1 -48.422738111 0.206679419285
1 9 7 1 -48.3906819824 0.21831502143
1 9 2 2 -48.3569536474 0.192693496509
1 9 0 1 -48.3223646874 0.211780406517
1 9 8 5 -48.38643415 0.194843111226
1 9 8 3 -48.3646098889 0.213673714911
1 9 3 5 -48.3443788745 0.212982031857
1 9 5 3 -48.3417273667 0.256312586254
1 9 5 5 -48.4210427286 0.225618291764
1 9 1 4 -48.3426929333 0.189897828436
1 9 7 7 -48.3055567238 0.192815791576
1 9 1 7 -41.0553021497 1.32429214026
1 9 1 9 -28.3304783812 3.0
1 9 6 9 -48.077886181 0.237194038604
1 9 4 8 -47.048798219 0.357662822986
1 9 9 8 -48.3051548902 0.195136084374
2 0 2 0 -28.3304783812 3.0
2 0 5 0 -44.2092040333 0.334395163458
2 0 9 1 -47.8666221562 0.25280379246
2 0 7 1 -47.5666013373 0.248161067868
2 0 2 2 -40.302743987 1.33303639487
2 0 0 1 -43.2432966527 0.598997163294
2 0 8 5 -48.3804755417 0.173986506455
2 0 8 3 -48.2860444926 0.191539231206
2 0 3 5 -45.6433862275 0.446681378061
2 0 5 3 -48.3512387 0.224331751457
2 0 5 5 -48.3504390143 0.15327255843
2 0 1 4 -47.6057596 0.303398107867
2 0 7 7 -48.4336801619 0.191931706327
2 0 1 7 -48.3185598103 0.210514087894
2 0 1 9 -48.3473175123 0.223712559086
2 0 6 9 -48.4022015714 0.200218909226
2 0 4 8 -48.3574753238 0.198675761148
2 0 9 8 -48.4088723824 0.200467469287
2 1 2 0 -35.5569918725 1.34569711802
2 1 5 0 -41.8606885333 0.23736042951
2 1 9 1 -47.5460084991 0.241666119816
2 1 7 1 -46.954438602 0.244152016987
2 1 2 2 -33.6132921702 1.84174405678
2 1 0 1 -43.3282693211 0.660458326776
2 1 8 5 -48.4285263667 0.187148042807
2 1 8 3 -48.1450218444 0.209500862055
2 1 3 5 -46.7152476157 0.370353407936
2 1 5 3 -48.3903343667 0.195915941236
2 1 5 5 -48.3688876333 0.184840234781
2 1 1 4 -46.5070795667 0.31000248496
2 1 7 7 -48.4793978286 0.197406112768
2 1 1 7 -48.1784087795 0.188492085516
2 1 1 9 -48.2512703018 0.198279186762
2 1 6 9 -48.4051310095 0.213867763765
2 1 4 8 -48.3638312286 0.213316598655
2 1 9 8 -48.437845149 0.203244214778
2 2 2 0 -36.5931468735 0.650758163731
2 2 5 0 -43.534548 0.229150528775
2 2 9 1 -47.7338220068 0.284104298774
2 2 7 1 -47.1955158922 0.301189007197
2 2 2 2 -28.3304783812 3.0
2 2 0 1 -40.2016437311 0.552565995811
2 2 8 5 -48.379757925 0.212175690685
2 2 8 3 -48.0817770593 0.259000236534
2 2 3 5 -47.5713078431 0.297374375327
2 2 5 3 -48.4036095667 0.209929974745
2 2 5 5 -48.3210189286 0.185211608313
2 2 1 4 -47.3934291667 0.42245894181
2 2 7 7 -48.4213770333 0.229668668692
2 2 1 7 -48.0369387872 0.266138342875
2 2 1 9 -48.2522838368 0.235562208282
2 2 6 9 -48.3713625762 0.198555764036
2 2 4 8 -48.3568800286 0.194672601418
2 2 9 8 -48.4080993725 0.194804128621
2 3 2 0 -45.7073933 0.298469987374
2 3 5 0 -47.9929760333 0.26786139123
2 3 9 1 -48.1212947667 0.172838656951
2 3 7 1 -47.9379413471 0.18991121198
2 3 2 2 -34.4479760702 1.83951362162
2 3 0 1 -44.1240880498 0.450112636467
2 3 8 5 -48.3468906 0.213384959278
2 3 8 3 -48.109861437 0.194790825021
2 3 3 5 -46.2840523725 0.88188884812
2 3 5 3 -48.3053148 0.237348383873
2 3 5 5 -48.2148349524 0.256886223744
2 3 1 4 -42.4442368333 0.252211813868
2 3 7 7 -48.3724579524 0.225177586819
2 3 1 7 -48.0053967026 0.348467375169
2 3 1 9 -48.238633207 0.236591037207
2 3 6 9 -48.3612551048 0.240903567152
2 3 4 8 -48.367550019 0.21167123372
2 3 9 8 -48.3762248941 0.235980088093
2 4 2 0 -46.9037301724 0.961279562451
2 4 5 0 -48.21724205 0.21455253548
2 4 9 1 -48.244386699 0.252544034462
2 4 7 1 -48.1177861456 0.291131629637
2 4 2 2 -41.5082546391 1.86701300344
2 4 0 1 -46.9374367534 0.850647010605
2 4 8 5 -48.4189505563 0.195695400647
2 4 8 3 -48.2329476444 0.260388903646
2 4 3 5 -40.7025007016 2.3221125666
2 4 5 3 -48.36932155 0.185483218275
2 4 5 5 -48.3522699429 0.232822511104
2 4 1 4 -38.43903305 5.75182448825
2 4 7 7 -48.4161016 0.195313938051
2 4 1 7 -48.0771023096 0.343334497456
2 4 1 9 -48.1823768987 0.273348987167
2 4 6 9 -48.383714925 0.224070610259
2 4 4 8 -48.3471211107 0.237870016666
2 4 9 8 -48.3796736426 0.192461834309
2 5 2 0 -47.9319431487 0.298449666073
2 5 5 0 -48.322643 0.272568433984
2 5 9 1 -48.3455534205 0.203142458121
2 5 7 1 -48.2763287941 0.240787720414
2 5 2 2 -47.8127435263 0.384879317772
2 5 0 1 -48.0845854874 0.251116484687
2 5 8 5 -48.2583073833 0.231800054101
2 5 8 3 -48.211556763 0.21233836959
2 5 3 5 -39.9057521725 1.41699783279
2 5 5 3 -48.3996740667 0.168515527835
2 5 5 5 -47.8048534286 0.278468810616
2 5 1 4 -45.2077697667 0.685809024111
2 5 7 7 -48.3379245 0.30633335033
2 5 1 7 -43.357135535 0.907796192578
2 5 1 9 -47.020045686 0.435884500588
2 5 6 9 -48.2418567143 0.225897245803
2 5 4 8 -48.0537785762 0.215983814906
2 5 9 8 -48.3316344647 0.258113139959
2 6 2 0 -48.2202656641 0.200235609613
2 6 5 0 -48.3724213 0.203229469614
2 6 9 1 -48.393611347 0.186327044666
2 6 7 1 -48.361235251 0.207908182766
2 6 2 2 -48.2151621035 0.211748167136
2 6 0 1 -48.217807531 0.216231657662
2 6 8 5 -48.2009600833 0.217901581362
2 6 8 3 -48.2570105519 0.215846318048
2 6 3 5 -42.5971784536 0.990386847059
2 6 5 3 -48.3415146667 0.253654481307
2 6 5 5 -47.3564962571 0.321679198256
2 6 1 4 -47.8078187333 0.275833673303
2 6 7 7 -48.2205500286 0.233517003573
2 6 1 7 -37.7194995036 0.94979337739
2 6 1 9 -45.6339877439 0.278703112367
2 6 6 9 -48.0138575667 0.247316195676
2 6 4 8 -47.5707196619 0.275169282996
2 6 9 8 -48.3529702627 0.221037219058
2 7 2 0 -48.3028358564 0.179112924307
2 7 5 0 -48.3546946667 0.222511214446
2 7 9 1 -48.3596865251 0.208647356428
2 7 7 1 -48.3323772549 0.197696741639
2 7 2 2 -48.3137469088 0.188749227899
2 7 0 1 -48.2306423069 0.211337102861
2 7 8 5 -48.3587886917 0.241113127809
2 7 8 3 -48.3352407889 0.217555045085
2 7 3 5 -46.4349248294 0.231355760058
2 7 5 3 -48.4452637333 0.201230284239
2 7 5 5 -46.5900974571 0.235145972065
2 7 1 4 -47.7948499667 0.252073516214
2 7 7 7 -48.3494976095 0.223328852769
2 7 1 7 -33.7175826615 0.404270637631
2 7 1 9 -42.8677120737 0.409481305517
2 7 6 9 -48.1930318857 0.203729611
2 7 4 8 -47.2640820333 0.211514150103
2 7 9 8 -48.3648142922 0.203123462682
2 8 2 0 -48.3340751359 0.213554748455
2 8 5 0 -48.4554722 0.223358236682
2 8 9 1 -48.3687793968 0.216819852343
2 8 7 1 -48.3547645824 0.212085401521
2 8 2 2 -48.3614343491 0.176479371512
2 8 0 1 -48.2839993034 0.170930134522
2 8 8 5 -48.3708278583 0.214076505693
2 8 8 3 -48.3627631556 0.214849942281
2 8 3 5 -47.806783151 0.227005183968
2 8 5 3 -48.3793979333 0.199138471656
2 8 5 5 -48.2211707619 0.180329692582
2 8 1 4 -48.2963098667 0.244475647245
2 8 7 7 -48.2516261 0.216659078431
2 8 1 7 -36.083870387 0.918625698542
2 8 1 9 -37.1761820792 1.36869918288
2 8 6 9 -48.1702148714 0.216908390439
2 8 4 8 -43.4874439497 0.633709801097
2 8 9 8 -48.2902880157 0.211253504324
2 9 2 0 -48.3330751051 0.221668317997
2 9 5 0 -48.3081899667 0.169414088443
2 9 9 1 -48.3437061982 0.191316713907
2 9 7 1 -48.3340024275 0.204316694045
2 9 2 2 -48.3332808965 0.235708233895
2 9 0 1 -48.2924806586 0.211889513502
2 9 8 5 -48.3602211833 0.195810997924
2 9 8 3 -48.3607978 0.20524713368
2 9 3 5 -48.1192744373 0.21653457615
2 9 5 3 -48.4129950667 0.213678674111
2 9 5 5 -48.3503806571 0.184252536987
2 9 1 4 -48.2118239667 0.261986262294
2 9 7 7 -48.1177110333 0.219266386125
2 9 1 7 -41.5166396233 0.690665237677
2 9 1 9 -35.0164602512 1.84454557291
2 9 6 9 -47.5619006952 0.238919058942
2 9 4 8 -45.3048502714 0.302308761038
2 9 9 8 -48.2262943471 0.205629590173
3 0 2 0 -36.2016411458 1.4011314709
3 0 5 0 -42.9602014333 0.61489344308
3 0 9 1 -47.5567703995 0.254121137225
3 0 7 1 -47.2775582176 0.283573174122
3 0 2 2 -41.9981669754 0.292788584193
3 0 0 1 -45.9260832966 0.250359794441
3 0 8 5 -48.412727275 0.212636142681
3 0 8 3 -48.3019003481 0.223278153408
3 0 3 5 -45.8424042471 0.264574214384
3 0 5 3 -48.3758612 0.173497501175
3 0 5 5 -48.3976342286 0.196662589426
3 0 1 4 -48.2997921 0.20817400698
3 0 7 7 -48.4744225381 0.202424043711
3 0 1 7 -48.2781570026 0.165337801324
3 0 1 9 -48.332100314 0.201032925488
3 0 6 9 -48.3528757381 0.246553953046
3 0 4 8 -48.3496498571 0.238503992201
3 0 9 8 -48.3916453529 0.199227257127
3 1 2 0 -38.7992709308 1.13910018226
3 1 5 0 -37.0635796333 0.46184996533
3 1 9 1 -46.9993628438 0.251316691566
3 1 7 1 -45.9367354667 0.270554976103
3 1 2 2 -35.1327729947 1.60368483536
3 1 0 1 -44.7099010276 0.511796035826
3 1 8 5 -48.3425045083 0.196386841574
3 1 8 3 -47.9230565296 0.206967166396
3 1 3 5 -44.1617723549 0.305599335104
3 1 5 3 -48.4176064 0.184710947501
3 1 5 5 -48.3165940286 0.182919972573
3 1 1 4 -48.3661527667 0.177698575806
3 1 7 7 -48.3680616667 0.214218889617
3 1 1 7 -48.2577538923 0.220848188763
3 1 1 9 -48.3139265544 0.210786094024
3 1 6 9 -48.3855857714 0.208080132634
3 1 4 8 -48.3343909286 0.192557118858
3 1 9 8 -48.361650398 0.226730320829
3 2 2 0 -39.9870788096 0.951079556324
3 2 5 0 -43.7485036667 0.478535608602
3 2 9 1 -46.9988691256 0.275435299898
3 2 7 1 -46.2819448529 0.326579444426
3 2 2 2 -31.7137055655 1.92373621865
3 2 0 1 -45.0517849425 0.460763428226
3 2 8 5 -48.3320715167 0.213554307373
3 2 8 3 -47.4917677037 0.257777360314
3 2 3 5 -42.9551741412 0.224225231265
3 2 5 3 -48.2715961 0.189768282014
3 2 5 5 -48.2015703571 0.2432432223
3 2 1 4 -47.8819803667 0.228056833713
3 2 7 7 -48.4129275762 0.224363781171
3 2 1 7 -48.1618916103 0.211293715466
3 2 1 9 -48.2911047018 0.197183569494
3 2 6 9 -48.3969485429 0.227493387277
3 2 4 8 -48.3236358381 0.251879581373
3 2 9 8 -48.4439074098 0.198562021951
3 3 2 0 -45.9289958692 0.417654807512
3 3 5 0 -47.1765876667 0.589656573429
3 3 9 1 -47.8085984699 0.315805898587
3 3 7 1 -47.3407732451 0.437544990963
3 3 2 2 -37.9015432392 1.52115190229
3 3 0 1 -46.224255508 0.281055590363
3 3 8 5 -48.13228665 0.241069297765
3 3 8 3 -47.6757781148 0.358581021504
3 3 3 5 -42.2023523021 0.778267812425
3 3 5 3 -45.5308845 0.891932137671
3 3 5 5 -47.4221590048 0.361535078897
3 3 1 4 -47.5175311333 0.395925313738
3 3 7 7 -48.222358119 0.2085965873
3 3 1 7 -48.2885837282 0.219706111298
3 3 1 9 -48.316014407 0.204663366825
3 3 6 9 -48.3371753667 0.206926698166
3 3 4 8 -48.3462348476 0.202895996806
3 3 9 8 -48.3340555235 0.200532898264
3 4 2 0 -47.8664163821 0.215784810676
3 4 5 0 -47.6917848 0.393224662281
3 4 9 1 -47.9091731374 0.343501117836
3 4 7 1 -47.3161309078 0.350047047224
3 4 2 2 -47.4352490649 0.252985345055
3 4 0 1 -47.3539551 0.320492570237
3 4 8 5 -48.2283477083 0.233555970916
3 4 8 3 -47.5956654593 0.26924025563
3 4 3 5 -37.6081062412 1.24120033147
3 4 5 3 -46.3300543333 0.344331780864
3 4 5 5 -47.7102426095 0.268883524933
3 4 1 4 -43.4238018 0.487359170297
3 4 7 7 -48.2864613857 0.234739495245
3 4 1 7 -48.3292617923 0.198409456236
3 4 1 9 -48.3007603526 0.217658393152
3 4 6 9 -48.3601617286 0.208697083745
3 4 4 8 -48.3212764048 0.240055038562
3 4 9 8 -48.3518619647 0.218722737417
3 5 2 0 -48.3240010077 0.238542974566
3 5 5 0 -48.2834345667 0.234528322247
3 5 9 1 -48.341725837 0.179826488384
3 5 7 1 -48.2716864686 0.191309677319
3 5 2 2 -48.3465759526 0.227643779494
3 5 0 1 -48.1812529759 0.213251119657
3 5 8 5 -48.0936376167 0.212744488747
3 5 8 3 -48.168270437 0.1922853202
3 5 3 5 -28.3304783812 3.0
3 5 5 3 -48.4229930667 0.202962779737
3 5 5 5 -43.5505356735 0.683206258805
3 5 1 4 -44.9421551 0.6070106115
3 5 7 7 -48.2211635286 0.23192794425
3 5 1 7 -45.5267697114 0.659788193649
3 5 1 9 -47.722668593 0.302557521887
3 5 6 9 -48.3032979619 0.229437024571
3 5 4 8 -47.5096086381 0.250858129001
3 5 9 8 -48.3680987314 0.233458426352
3 6 2 0 -48.3126887077 0.20227466086
3 6 5 0 -48.3033592 0.154441949548
3 6 9 1 -48.3706667804 0.207390519972
3 6 7 1 -48.3405902098 0.213051819757
3 6 2 2 -48.3031850596 0.214125247959
3 6 0 1 -48.2306557046 0.194339088399
3 6 8 5 -47.9949527167 0.194096906863
3 6 8 3 -48.1823064185 0.206086412128
3 6 3 5 -38.6156442858 1.41415161111
3 6 5 3 -48.3682891667 0.178271113549
3 6 5 5 -45.9399592143 0.296086196959
3 6 1 4 -47.5452144 0.381172821553
3 6 7 7 -48.019579319 0.213504426719
3 6 1 7 -42.2692005743 0.707510135276
3 6 1 9 -46.5186461018 0.317390667748
3 6 6 9 -47.7745645476 0.25123497097
3 6 4 8 -46.6033755524 0.329038127896
3 6 9 8 -48.2663685039 0.196671071448
3 7 2 0 -48.3388337103 0.218968622026
3 7 5 0 -48.3562874 0.197709742119
3 7 9 1 -48.3714492146 0.19051371158
3 7 7 1 -48.3522306353 0.184534935548
3 7 2 2 -48.3557437316 0.202361640816
3 7 0 1 -48.2767903287 0.206273137183
3 7 8 5 -48.3275915167 0.220880146975
3 7 8 3 -48.3328057704 0.203143777389
3 7 3 5 -42.8799301402 0.659718575617
3 7 5 3 -48.3735127 0.199791182713
3 7 5 5 -46.5194211381 0.239826798022
3 7 1 4 -48.14948 0.27294851346
3 7 7 7 -48.0464675476 0.232656627787
3 7 1 7 -40.7117676164 0.708373306635
3 7 1 9 -44.6869697842 0.336284035906
3 7 6 9 -47.3212604857 0.260741304425
3 7 4 8 -40.9277558203 0.991175346121
3 7 9 8 -48.2093940765 0.207822112734
3 8 2 0 -48.3357511949 0.194575356696
3 8 5 0 -48.3730864 0.187226462621
3 8 9 1 -48.3830496799 0.187633290736
3 8 7 1 -48.3721248216 0.186642867557
3 8 2 2 -48.3234046105 0.186586474851
3 8 0 1 -48.3037787218 0.189569833786
3 8 8 5 -48.2144098333 0.204135957397
3 8 8 3 -48.3465349111 0.171382012042
3 8 3 5 -46.8635613647 0.193477010259
3 8 5 3 -48.3679489333 0.197907371194
3 8 5 5 -47.1474616762 0.206355224139
3 8 1 4 -48.3988802667 0.176202025089
3 8 7 7 -47.6270425524 0.311145302668
3 8 1 7 -42.7312053782 0.608075272078
3 8 1 9 -42.5563800123 0.553686038233
3 8 6 9 -46.8545751905 0.328391700039
3 8 4 8 -36.0462976125 1.61576589676
3 8 9 8 -47.9337716706 0.26317200992
3 9 2 0 -48.3122924282 0.181750633216
3 9 5 0 -48.3804985333 0.135244696047
3 9 9 1 -48.3746119338 0.222797722348
3 9 7 1 -48.3519269157 0.235333177251
3 9 2 2 -48.3627213316 0.179432994699
3 9 0 1 -48.2936145299 0.184682407854
3 9 8 5 -48.3020172167 0.224978098357
3 9 8 3 -48.3347207148 0.240635927737
3 9 3 5 -47.2404005216 0.290525568238
3 9 5 3 -48.3124069667 0.244544874622
3 9 5 5 -47.5390812048 0.221279479453
3 9 1 4 -48.3742837667 0.184283488922
3 9 7 7 -47.6631343857 0.27468338712
3 9 1 7 -46.2634256205 0.652284535697
3 9 1 9 -45.3162446772 1.35268865126
3 9 6 9 -46.194681719 0.261997224097
3 9 4 8 -43.4057105524 1.43900488267
3 9 9 8 -47.994812798 0.231149358049
4 0 2 0 -44.354223664 0.72041156912
4 0 5 0 -40.5266575333 0.591391772089
4 0 9 1 -47.1031308352 0.327615820199
4 0 7 1 -46.7523519353 0.32305840083
4 0 2 2 -47.6635585298 0.293367505277
4 0 0 1 -47.6927464287 0.244253140759
4 0 8 5 -48.4031417 0.206041697552
4 0 8 3 -48.2962702259 0.232910331721
4 0 3 5 -48.1427270275 0.249607278038
4 0 5 3 -48.3343143 0.213725654099
4 0 5 5 -48.3834950333 0.203598184031
4 0 1 4 -48.3640550667 0.177377580075
4 0 7 7 -48.4080055381 0.17843818423
4 0 1 7 -48.3532629872 0.23009837112
4 0 1 9 -48.3434377772 0.225267563285
4 0 6 9 -48.3347202429 0.223529241067
4 0 4 8 -48.3265531238 0.244045941801
4 0 9 8 -48.3573487549 0.194265774284
4 1 2 0 -41.0324975645 0.543881362682
4 1 5 0 -35.6163457667 0.881939922003
4 1 9 1 -45.9962523311 0.276830737793
4 1 7 1 -44.9520490216 0.409943327571
4 1 2 2 -40.7840028351 0.161110079602
4 1 0 1 -46.5769894851 0.218029007579
4 1 8 5 -48.35168815 0.185701736105
4 1 8 3 -47.6040508222 0.279057104713
4 1 3 5 -46.6784347902 0.564224266248
4 1 5 3 -46.3873152333 0.243801880439
4 1 5 5 -47.9552789857 0.208814869054
4 1 1 4 -48.2705333 0.217579066579
4 1 7 7 -48.4118610286 0.185435458277
4 1 1 7 -48.3522202308 0.208576543976
4 1 1 9 -48.3526138561 0.202479738014
4 1 6 9 -48.3424107429 0.221676905177
4 1 4 8 -48.2738991857 0.21893782109
4 1 9 8 -48.4230399608 0.207183415488
4 2 2 0 -47.1585880718 0.410427414419
4 2 5 0 -42.1636372667 0.376553908245
4 2 9 1 -45.3647784283 0.229603728017
4 2 7 1 -44.3019101294 0.215821937643
4 2 2 2 -42.089053112 1.21089193294
4 2 0 1 -47.6344559931 0.267384813732
4 2 8 5 -48.3021881583 0.216475641303
4 2 8 3 -46.5281138148 0.19713119263
4 2 3 5 -47.8826595333 0.281024892591
4 2 5 3 -45.0793833 0.592539857106
4 2 5 5 -47.5824703 0.274168125167
4 2 1 4 -48.1950095333 0.25719176653
4 2 7 7 -48.3676475476 0.202130893422
4 2 1 7 -48.3343601846 0.197203409213
4 2 1 9 -48.3512068105 0.218944879601
4 2 6 9 -48.3826076619 0.197262177223
4 2 4 8 -48.3020088952 0.213595217568
4 2 9 8 -48.3774060353 0.198714377397
4 3 2 0 -46.4788491692 0.350676858128
4 3 5 0 -45.2738039667 0.473230968414
4 3 9 1 -47.4108806626 0.21083922889
4 3 7 1 -45.8614908882 0.260958283936
4 3 2 2 -45.8250603965 0.397606888273
4 3 0 1 -47.2552060839 0.288428474867
4 3 8 5 -47.718272325 0.213584043097
4 3 8 3 -46.4733393889 0.22578877702
4 3 3 5 -42.2019755686 0.199597096947
4 3 5 3 -42.5231094667 0.308014095147
4 3 5 5 -46.0221675429 0.257791538176
4 3 1 4 -48.0228075 0.260532205278
4 3 7 7 -48.0185439 0.210996585961
4 3 1 7 -48.3009174564 0.20322835565
4 3 1 9 -48.3198371544 0.184048832017
4 3 6 9 -48.3658305333 0.200666468734
4 3 4 8 -48.3495192 0.176930028909
4 3 9 8 -48.3428138118 0.217370968885
4 4 2 0 -47.9937161615 0.334842449348
4 4 5 0 -47.8214061667 0.184882199568
4 4 9 1 -47.8414983689 0.390997634362
4 4 7 1 -47.1066451961 0.62990452854
4 4 2 2 -47.8841358579 0.347939480221
4 4 0 1 -47.9575815621 0.329432220027
4 4 8 5 -47.5650601917 0.291297847079
4 4 8 3 -47.1200120852 0.54859322899
4 4 3 5 -40.487260062 1.10771787015
4 4 5 3 -44.4461355 0.296407251399
4 4 5 5 -41.4329937953 1.11160351523
4 4 1 4 -46.8115245 0.386625200788
4 4 7 7 -47.8665699286 0.299355194451
4 4 1 7 -48.0976568897 0.25789178701
4 4 1 9 -48.2013109702 0.23381170334
4 4 6 9 -48.3416041238 0.231299988864
4 4 4 8 -48.1144094095 0.248156233539
4 4 9 8 -48.2865549686 0.23862963297
4 5 2 0 -48.2031080231 0.241992222229
4 5 5 0 -48.2929145667 0.257458083671
4 5 9 1 -48.3144484826 0.244093534705
4 5 7 1 -48.2563508804 0.234615034309
4 5 2 2 -48.1423808439 0.249494191025
4 5 0 1 -48.1777393011 0.230085070247
4 5 8 5 -47.8298056583 0.274449297562
4 5 8 3 -48.0454768852 0.24314850063
4 5 3 5 -36.2963926258 1.64735248616
4 5 5 3 -48.2784468 0.215089950102
4 5 5 5 -38.6693642258 1.51321922772
4 5 1 4 -46.4529723 0.499942963165
4 5 7 7 -48.0553892952 0.240994366659
4 5 1 7 -47.5641448359 0.268662511277
4 5 1 9 -48.0460538842 0.230408758511
4 5 6 9 -48.3494075238 0.215232084428
4 5 4 8 -47.6835414333 0.261379985198
4 5 9 8 -48.3173007039 0.225943823246
4 6 2 0 -48.2390117538 0.239632760999
4 6 5 0 -48.3650862333 0.176847878858
4 6 9 1 -48.2996250936 0.197820060921
4 6 7 1 -48.2413204882 0.216779852104
4 6 2 2 -48.2409690456 0.221800148663
4 6 0 1 -48.233516123 0.244194064329
4 6 8 5 -47.3754081167 0.329022994497
4 6 8 3 -47.8429935704 0.277724607943
4 6 3 5 -41.0144678686 0.33122804537
4 6 5 3 -48.3700355333 0.238122172818
4 6 5 5 -40.0514528762 0.555573705591
4 6 1 4 -48.1053279667 0.245743844252
4 6 7 7 -47.7753312143 0.259057887055
4 6 1 7 -47.5951878744 0.366641748506
4 6 1 9 -47.9377152053 0.281254255062
4 6 6 9 -48.2935969905 0.208532166549
4 6 4 8 -45.1843073381 0.228606066133
4 6 9 8 -48.2530746294 0.182361983481
4 7 2 0 -48.3140345179 0.188976521913
4 7 5 0 -48.3256139667 0.206643770664
4 7 9 1 -48.3576873785 0.157492543191
4 7 7 1 -48.3029821235 0.171872672015
4 7 2 2 -48.291973393 0.19559194218
4 7 0 1 -48.2810855069 0.202260838142
4 7 8 5 -48.2123512 0.22526327818
4 7 8 3 -48.2916546667 0.196591748558
4 7 3 5 -44.8733081 0.284041245759
4 7 5 3 -48.4078163333 0.182411809068
4 7 5 5 -45.0701138857 0.276826335072
4 7 1 4 -48.3542487667 0.237030729487
4 7 7 7 -47.6850995 0.362625992081
4 7 1 7 -46.0867830564 0.322396226309
4 7 1 9 -47.0922542 0.335580171647
4 7 6 9 -44.2079306259 1.04181835442
4 7 4 8 -39.1365909125 1.68359593912
4 7 9 8 -47.9330140569 0.278032719315
4 8 2 0 -48.312308759 0.222428920849
4 8 5 0 -48.397986 0.258244078958
4 8 9 1 -48.3060039918 0.226413689859
4 8 7 1 -48.3153092157 0.214420618281
4 8 2 2 -48.3160513053 0.218437977553
4 8 0 1 -48.2774566989 0.206312994637
4 8 8 5 -47.9803470083 0.220682206736
4 8 8 3 -48.2917567407 0.189771616165
4 8 3 5 -47.4562708157 0.281847640878
4 8 5 3 -48.4188718 0.208492909947
4 8 5 5 -47.6536432095 0.234903668469
4 8 1 4 -48.3138442667 0.203668402265
4 8 7 7 -46.2718119905 0.265834099734
4 8 1 7 -46.7054267641 0.359686483812
4 8 1 9 -46.4521150281 0.404486906987
4 8 6 9 -39.9002475101 0.777536707084
4 8 4 8 -28.3304783812 3.0
4 8 9 8 -47.2463201941 0.26234579687
4 9 2 0 -48.3119458821 0.20415140637
4 9 5 0 -48.3287361 0.213499985495
4 9 9 1 -48.3655492205 0.210351737936
4 9 7 1 -48.3349052569 0.202986953174
4 9 2 2 -48.3057119018 0.191416407303
4 9 0 1 -48.2709561862 0.197096472477
4 9 8 5 -48.235192325 0.226394315016
4 9 8 3 -48.3599461593 0.209799417021
4 9 3 5 -47.864366549 0.21579556092
4 9 5 3 -48.4181412667 0.207848371331
4 9 5 5 -47.9894263714 0.234346045341
4 9 1 4 -48.3582641667 0.19534989125
4 9 7 7 -46.991717 0.381180900039
4 9 1 7 -46.8663489051 0.290617842008
4 9 1 9 -45.7300592544 0.2640545129
4 9 6 9 -40.0683534203 1.44060728848
4 9 4 8 -36.0696891592 1.78198020835
4 9 9 8 -47.5909090686 0.265196739197
5 0 2 0 -47.4767778026 0.259212079843
5 0 5 0 -23.1961245667 2.15384367428
5 0 9 1 -45.2651393306 0.284181332216
5 0 7 1 -43.6611588902 0.513184388878
5 0 2 2 -47.8989518333 0.236818715011
5 0 0 1 -47.8728998437 0.227523716396
5 0 8 5 -48.3519260667 0.217737464766
5 0 8 3 -48.0752646778 0.258354537856
5 0 3 5 -47.6296859941 0.33668717929
5 0 5 3 -48.292123 0.234759133873
5 0 5 5 -48.3146157143 0.236125921767
5 0 1 4 -48.4099603667 0.256466428069
5 0 7 7 -48.444603881 0.19049455634
5 0 1 7 -48.3229550051 0.227444181929
5 0 1 9 -48.3291202702 0.215196906552
5 0 6 9 -48.3965282429 0.176045770713
5 0 4 8 -48.3487080905 0.19631168415
5 0 9 8 -48.4070851314 0.175392348661
5 1 2 0 -46.0937597205 0.236284753667
5 1 5 0 -29.9046361333 0.820740174178
5 1 9 1 -43.3110763005 0.262885645282
5 1 7 1 -41.3098260164 0.673283786011
5 1 2 2 -44.9656432018 0.231485076397
5 1 0 1 -47.6006958483 0.221529195935
5 1 8 5 -48.3563473 0.195001192646
5 1 8 3 -46.5364751963 0.238887637664
5 1 3 5 -48.1252572608 0.249966839101
5 1 5 3 -44.3811335333 0.249259634332
5 1 5 5 -47.7500946476 0.221908957199
5 1 1 4 -48.3055456333 0.248929217231
5 1 7 7 -48.4361648238 0.194213003724
5 1 1 7 -48.3192038333 0.226043909135
5 1 1 9 -48.3306609211 0.216836039309
5 1 6 9 -48.4011255381 0.190524894945
5 1 4 8 -48.3655306048 0.194784960036
5 1 9 8 -48.3979853392 0.214944456811
5 2 2 0 -47.4773802872 0.265238188857
5 2 5 0 -41.6939488 0.841922380938
5 2 9 1 -43.5107577968 0.659335572366
5 2 7 1 -42.285855751 0.576176888685
5 2 2 2 -47.0818184632 0.297796069465
5 2 0 1 -47.9273663115 0.196461129881
5 2 8 5 -48.2327425667 0.231840834329
5 2 8 3 -45.4733205593 0.289602142298
5 2 3 5 -47.7383865765 0.301623477028
5 2 5 3 -41.8061331667 0.948505460103
5 2 5 5 -47.084245481 0.335675880517
5 2 1 4 -48.2316757333 0.230226233092
5 2 7 7 -48.3436689048 0.244071433941
5 2 1 7 -48.3788016 0.191961507612
5 2 1 9 -48.4016410877 0.184957037134
5 2 6 9 -48.3591031286 0.224904480041
5 2 4 8 -48.3435803619 0.205397915632
5 2 9 8 -48.3995248078 0.232409051884
5 3 2 0 -46.7770835872 0.275669651154
5 3 5 0 -46.5466038 0.400163541851
5 3 9 1 -46.1569378986 0.262980223436
5 3 7 1 -43.2696942314 0.253775735322
5 3 2 2 -46.2060573632 0.256922555755
5 3 0 1 -47.7026513529 0.214553578271
5 3 8 5 -48.4099152583 0.205140172119
5 3 8 3 -44.7843434222 0.197411130973
5 3 3 5 -46.4416889314 0.273386135587
5 3 5 3 -30.9032256 0.614753528512
5 3 5 5 -45.8556970571 0.254545839466
5 3 1 4 -48.324136 0.229978372352
5 3 7 7 -48.3915090048 0.230793551505
5 3 1 7 -48.2967423615 0.195830280387
5 3 1 9 -48.3398196579 0.209699514267
5 3 6 9 -48.3940842333 0.216293991651
5 3 4 8 -48.3735854905 0.211403182181
5 3 9 8 -48.3966974118 0.223481833251
5 4 2 0 -48.2523327718 0.214208928614
5 4 5 0 -47.9968892 0.269515024682
5 4 9 1 -47.951476426 0.269111037874
5 4 7 1 -47.3942145235 0.39652712291
5 4 2 2 -48.2238999842 0.215920315024
5 4 0 1 -48.1825025839 0.209871855468
5 4 8 5 -46.1097201917 0.347219775107
5 4 8 3 -46.6701033778 0.40189687731
5 4 3 5 -45.4635165157 0.256850778782
5 4 5 3 -40.6600508667 0.570957382969
5 4 5 5 -36.7263344658 1.55320533158
5 4 1 4 -48.2518331333 0.220449281958
5 4 7 7 -47.0397624952 0.322375694522
5 4 1 7 -48.3091574718 0.20729629049
5 4 1 9 -48.3684649298 0.212213654681
5 4 6 9 -48.3662126619 0.216317982764
5 4 4 8 -48.3268240524 0.207525424306
5 4 9 8 -48.3016724216 0.25986262396
5 5 2 0 -48.155359059 0.224959179866
5 5 5 0 -48.2259335333 0.221724285655
5 5 9 1 -48.2066771 0.189087224925
5 5 7 1 -48.0344959157 0.235877709686
5 5 2 2 -48.1303086579 0.227978728443
5 5 0 1 -48.0760183092 0.214666426791
5 5 8 5 -47.117584525 0.386055957697
5 5 8 3 -47.6205705519 0.292599554557
5 5 3 5 -43.0508256735 0.679119407176
5 5 5 3 -46.3901430667 0.232100244889
5 5 5 5 -28.3304783812 3.0
5 5 1 4 -48.0036593333 0.207406033573
5 5 7 7 -47.3574294857 0.388493188591
5 5 1 7 -48.1535176513 0.25909466012
5 5 1 9 -48.2900467754 0.215258803841
5 5 6 9 -48.1718852762 0.235000281647
5 5 4 8 -47.9872901143 0.218069348698
5 5 9 8 -48.0962339471 0.280462390082
5 6 2 0 -48.3012005385 0.188025320027
5 6 5 0 -48.3193343 0.197735532779
5 6 9 1 -48.2007133708 0.20839844911
5 6 7 1 -48.0725420941 0.221107338697
5 6 2 2 -48.3116926667 0.193762577901
5 6 0 1 -48.2750916954 0.206307148177
5 6 8 5 -47.41415395 0.380901834114
5 6 8 3 -47.7888696519 0.295355672493
5 6 3 5 -45.9031066686 0.244424630896
5 6 5 3 -48.3767411667 0.219368718185
5 6 5 5 -37.5776921592 1.53577204687
5 6 1 4 -48.2413159333 0.193576584957
5 6 7 7 -45.0551754878 0.684791900214
5 6 1 7 -47.8436952385 0.199518982077
5 6 1 9 -48.0255894509 0.210609811733
5 6 6 9 -47.5791644952 0.286987292708
5 6 4 8 -46.555843881 0.271001835005
5 6 9 8 -47.9679743941 0.271866768556
5 7 2 0 -48.3171338077 0.198073160253
5 7 5 0 -48.3666281333 0.193969896552
5 7 9 1 -48.3353401425 0.198998149818
5 7 7 1 -48.3140825255 0.210530104786
5 7 2 2 -48.3147610088 0.202010968782
5 7 0 1 -48.2554798161 0.205686715508
5 7 8 5 -48.0457120917 0.250725213706
5 7 8 3 -48.2917249 0.221067884232
5 7 3 5 -47.0777095137 0.265145641009
5 7 5 3 -48.4066738667 0.207554007581
5 7 5 5 -47.1361209143 0.290635203732
5 7 1 4 -48.4327732 0.199793454652
5 7 7 7 -43.5120261301 0.774498401656
5 7 1 7 -47.4415249205 0.318461476898
5 7 1 9 -47.6991637702 0.23667789353
5 7 6 9 -40.9690253873 0.843835177219
5 7 4 8 -40.097672687 0.937598841312
5 7 9 8 -47.4310915294 0.28802966511
5 8 2 0 -48.3231476179 0.169115570707
5 8 5 0 -48.3664883333 0.216470220487
5 8 9 1 -48.3516839064 0.193259211401
5 8 7 1 -48.3382746569 0.207822508214
5 8 2 2 -48.3314324333 0.169846171398
5 8 0 1 -48.2624276989 0.189928019442
5 8 8 5 -47.6418866417 0.218591304028
5 8 8 3 -48.3186769593 0.205359329673
5 8 3 5 -47.6051760431 0.364821444663
5 8 5 3 -48.342133 0.199294682448
5 8 5 5 -47.8439111905 0.304532504509
5 8 1 4 -48.3337977 0.221508645322
5 8 7 7 -43.9010848048 0.310891788202
5 8 1 7 -47.9935303256 0.241611386465
5 8 1 9 -47.8402015491 0.22812310533
5 8 6 9 -37.9336158857 0.38822003879
5 8 4 8 -37.6621388571 0.453555293604
5 8 9 8 -45.9815983686 0.265060012218
5 9 2 0 -48.3146276538 0.192903356533
5 9 5 0 -48.3461929 0.203032782241
5 9 9 1 -48.357643984 0.197581157428
5 9 7 1 -48.3338394882 0.208854303472
5 9 2 2 -48.3197053281 0.193323440836
5 9 0 1 -48.2941062701 0.161471368893
5 9 8 5 -48.1969588167 0.208390453193
5 9 8 3 -48.321834363 0.195493748662
5 9 3 5 -48.0961401922 0.237849341671
5 9 5 3 -48.4001304667 0.24453742133
5 9 5 5 -48.2189805048 0.24023639614
5 9 1 4 -48.3824219667 0.270848909061
5 9 7 7 -46.2991254762 0.426865649914
5 9 1 7 -47.6926128 0.235935156266
5 9 1 9 -47.1742676912 0.254955274735
5 9 6 9 -33.5758370464 2.13372012922
5 9 4 8 -36.6822937953 1.49876383918
5 9 9 8 -47.1190900471 0.339316186541
6 0 2 0 -47.8997956564 0.248151269336
6 0 5 0 -33.4461118667 1.1700404745
6 0 9 1 -43.9355279132 0.306901415863
6 0 7 1 -41.046065712 0.99405870395
6 0 2 2 -48.032330186 0.223497987047
6 0 0 1 -48.0233519057 0.195716252099
6 0 8 5 -48.32270005 0.217684141397
6 0 8 3 -47.7504049852 0.279652707021
6 0 3 5 -48.0842967255 0.295256456137
6 0 5 3 -48.3717394667 0.201391764581
6 0 5 5 -48.2732292381 0.18447335059
6 0 1 4 -48.4267716667 0.204055323597
6 0 7 7 -48.4025168429 0.185393475251
6 0 1 7 -48.3901346128 0.206343733284
6 0 1 9 -48.3664167842 0.200691661525
6 0 6 9 -48.442173781 0.171864312541
6 0 4 8 -48.3768590095 0.173499191836
6 0 9 8 -48.4363622255 0.186864983246
6 1 2 0 -47.7296198487 0.241904455427
6 1 5 0 -44.8802498333 0.346141087244
6 1 9 1 -35.9519869495 0.584137607369
6 1 7 1 -34.9206226392 1.3275291433
6 1 2 2 -47.4412979842 0.246120764646
6 1 0 1 -48.085920308 0.223217936321
6 1 8 5 -48.2733453667 0.19524312722
6 1 8 3 -42.9198146201 0.525165925203
6 1 3 5 -48.2154831961 0.1863460578
6 1 5 3 -46.4259128333 0.195843832586
6 1 5 5 -47.9039829571 0.193522096123
6 1 1 4 -48.4704721667 0.243461542471
6 1 7 7 -48.3772394048 0.173309289443
6 1 1 7 -48.3327929897 0.218136732815
6 1 1 9 -48.3367553018 0.204920385735
6 1 6 9 -48.3884020905 0.186469575881
6 1 4 8 -48.3581382857 0.196512274403
6 1 9 8 -48.3952733431 0.17073538773
6 2 2 0 -47.7856020128 0.227058813648
6 2 5 0 -45.8250502 0.452715347465
6 2 9 1 -45.3906245525 0.680489380451
6 2 7 1 -39.3563666786 1.25289874
6 2 2 2 -47.6197489596 0.252363127075
6 2 0 1 -48.0434758276 0.22824291965
6 2 8 5 -48.2887762083 0.214641788119
6 2 8 3 -42.1041702719 0.836602637974
6 2 3 5 -47.5995677745 0.250707872698
6 2 5 3 -44.0388682 0.56981381327
6 2 5 5 -47.5068938667 0.306433810215
6 2 1 4 -48.3666355 0.22917439915
6 2 7 7 -48.3919481429 0.183751258705
6 2 1 7 -48.2908773077 0.227658102561
6 2 1 9 -48.3095445614 0.224213249679
6 2 6 9 -48.3528630571 0.219014397735
6 2 4 8 -48.3391866619 0.246654953409
6 2 9 8 -48.4017823941 0.168857220557
6 3 2 0 -47.7631877436 0.232031309568
6 3 5 0 -47.5834329333 0.381345289895
6 3 9 1 -45.7546809598 0.283736868246
6 3 7 1 -43.8440663059 0.277324778778
6 3 2 2 -47.6437545158 0.240091566703
6 3 0 1 -48.0554388678 0.226674165616
6 3 8 5 -47.973100675 0.215463310978
6 3 8 3 -41.6659854762 0.77809015743
6 3 3 5 -47.3184013804 0.239063272447
6 3 5 3 -43.1611845 0.630872437579
6 3 5 5 -46.6028613095 0.303225766301
6 3 1 4 -48.2647629 0.242260901003
6 3 7 7 -48.1772453286 0.181752285307
6 3 1 7 -48.2768303154 0.180172698382
6 3 1 9 -48.2970227702 0.202963867761
6 3 6 9 -48.3772435619 0.165943774877
6 3 4 8 -48.3479869238 0.178408269795
6 3 9 8 -48.3805044 0.172460584688
6 4 2 0 -48.1133949615 0.244554523153
6 4 5 0 -48.3071286 0.191434886831
6 4 9 1 -46.0830260662 0.235910973625
6 4 7 1 -44.0724901588 0.240683957946
6 4 2 2 -48.0775608649 0.240998714732
6 4 0 1 -48.1609956149 0.214778908075
6 4 8 5 -45.8546978417 0.240488612454
6 4 8 3 -42.0402497858 0.701350192479
6 4 3 5 -46.8933018333 0.227398517553
6 4 5 3 -43.1115873667 0.632498842351
6 4 5 5 -38.571580237 0.944684234429
6 4 1 4 -48.2918678333 0.172107403102
6 4 7 7 -47.0402439381 0.237888795441
6 4 1 7 -48.3555834538 0.206359144142
6 4 1 9 -48.3403598018 0.21770428152
6 4 6 9 -48.3452049524 0.23691439861
6 4 4 8 -48.2978876048 0.240909913701
6 4 9 8 -48.3294973059 0.235322750938
6 5 2 0 -48.1762128538 0.211361827503
6 5 5 0 -48.2423631 0.263553806638
6 5 9 1 -47.4526171311 0.251462498033
6 5 7 1 -46.5908964725 0.271906915196
6 5 2 2 -48.1501806684 0.192805129602
6 5 0 1 -48.1760674931 0.208214393867
6 5 8 5 -44.2366242417 0.181920857686
6 5 8 3 -45.270900763 0.217877716832
6 5 3 5 -46.8193423255 0.256877372289
6 5 5 3 -48.2911233667 0.233143369885
6 5 5 5 -39.3425310333 0.142683796913
6 5 1 4 -48.2607694333 0.259394876667
6 5 7 7 -45.8099694238 0.237304741817
6 5 1 7 -48.3285848 0.185441374015
6 5 1 9 -48.3272263263 0.207634843991
6 5 6 9 -48.3044878143 0.204544104097
6 5 4 8 -48.3220709714 0.223526512899
6 5 9 8 -48.161112251 0.23334277161
6 6 2 0 -48.301246941 0.209362504705
6 6 5 0 -48.2822971333 0.202774618138
6 6 9 1 -48.2720281909 0.244219922573
6 6 7 1 -48.2692558784 0.255794527096
6 6 2 2 -48.3191710088 0.190397282365
6 6 0 1 -48.2767594379 0.200687050559
6 6 8 5 -46.7709921917 0.412911962086
6 6 8 3 -47.7477312 0.318435330173
6 6 3 5 -47.0088185627 0.352846091075
6 6 5 3 -48.3540080333 0.219336240211
6 6 5 5 -40.3071449703 1.20956037302
6 6 1 4 -48.2443750333 0.27097581197
6 6 7 7 -41.6294154141 1.14646641036
6 6 1 7 -48.2499972641 0.194100134743
6 6 1 9 -48.2882045561 0.188525114265
6 6 6 9 -47.903760481 0.297090765766
6 6 4 8 -47.7612229095 0.264538789618
6 6 9 8 -46.1905768701 0.525944615691
6 7 2 0 -48.3553311692 0.187589118621
6 7 5 0 -48.3254069667 0.172253349284
6 7 9 1 -48.3630433155 0.180300668363
6 7 7 1 -48.3469087902 0.192517638968
6 7 2 2 -48.3775026982 0.193177915906
6 7 0 1 -48.2953811644 0.206130733252
6 7 8 5 -47.4271335333 0.286416958166
6 7 8 3 -48.2818691074 0.201298028402
6 7 3 5 -48.0279586529 0.204940157376
6 7 5 3 -48.3878574667 0.182761929693
6 7 5 5 -47.8874827524 0.24769298668
6 7 1 4 -48.3490671333 0.221874647845
6 7 7 7 -37.6241868339 1.63523668241
6 7 1 7 -48.1224898077 0.207867004422
6 7 1 9 -48.2358893421 0.214858720126
6 7 6 9 -42.219926412 1.0097443182
6 7 4 8 -47.3142696524 0.313030269372
6 7 9 8 -44.4108213225 0.616100837594
6 8 2 0 -48.3228563564 0.20658301621
6 8 5 0 -48.3904192333 0.200847030288
6 8 9 1 -48.3397596895 0.233554604035
6 8 7 1 -48.3338173216 0.221369330307
6 8 2 2 -48.3601531947 0.204594317914
6 8 0 1 -48.298618008 0.213414850304
6 8 8 5 -47.1378118667 0.251560402649
6 8 8 3 -48.3431752778 0.221514371371
6 8 3 5 -48.0404506275 0.260963233452
6 8 5 3 -48.3402597333 0.240688147493
6 8 5 5 -48.1459025905 0.251926318727
6 8 1 4 -48.4531505 0.184624817024
6 8 7 7 -39.087187167 1.37408520864
6 8 1 7 -48.2367440667 0.199823302782
6 8 1 9 -48.1413123193 0.229269825685
6 8 6 9 -35.646054056 2.49751708469
6 8 4 8 -45.6495758762 1.59827852899
6 8 9 8 -43.9255766531 0.617990127041
6 9 2 0 -48.3433732615 0.22139659069
6 9 5 0 -48.4183946 0.205192371415
6 9 9 1 -48.3436458037 0.221090173566
6 9 7 1 -48.3277688157 0.209861252642
6 9 2 2 -48.3460498246 0.19187956425
6 9 0 1 -48.299917823 0.1925790317
6 9 8 5 -48.2989346 0.187101646208
6 9 8 3 -48.3113077333 0.183647486117
6 9 3 5 -48.2096878353 0.183905724408
6 9 5 3 -48.3489595333 0.222447234526
6 9 5 5 -48.3446884857 0.168035063506
6 9 1 4 -48.4320404333 0.161776828273
6 9 7 7 -47.6852961286 0.23192302109
6 9 1 7 -48.1564462154 0.235346997152
6 9 1 9 -48.0232380456 0.249367429036
6 9 6 9 -28.3304783812 3.0
6 9 4 8 -45.889727419 0.265940041064
6 9 9 8 -45.6800791559 0.535300900915
7 0 2 0 -48.0559955692 0.21664068907
7 0 5 0 -41.0015354333 0.315625796419
7 0 9 1 -36.466821444 1.1536158039
7 0 7 1 -35.8314087058 1.58040752558
7 0 2 2 -48.1011374596 0.234398379195
7 0 0 1 -48.202298708 0.184389314534
7 0 8 5 -48.343199075 0.214701438901
7 0 8 3 -45.7951817 0.404370043927
7 0 3 5 -48.092806798 0.168444911749
7 0 5 3 -48.4002639333 0.211664808008
7 0 5 5 -48.2314567429 0.223717438751
7 0 1 4 -48.4058460333 0.160424989099
7 0 7 7 -48.3925436381 0.211110117246
7 0 1 7 -48.3303634872 0.207143660182
7 0 1 9 -48.3530575018 0.21335016735
7 0 6 9 -48.388343781 0.223580537731
7 0 4 8 -48.3406175476 0.223406641471
7 0 9 8 -48.4024720529 0.214690050147
7 1 2 0 -48.1430824359 0.195661312918
7 1 5 0 -46.6869881 0.312037724801
7 1 9 1 -31.65760316 1.74021667453
7 1 7 1 -28.3304783812 3.0
7 1 2 2 -48.0310990632 0.255201823796
7 1 0 1 -48.2593933161 0.21815823935
7 1 8 5 -48.3010924333 0.202253580665
7 1 8 3 -38.6487883135 0.997566726571
7 1 3 5 -48.2746626294 0.233841341103
7 1 5 3 -48.4042021 0.215249043561
7 1 5 5 -48.1683231286 0.224523805162
7 1 1 4 -48.3725716 0.212386434504
7 1 7 7 -48.3480061381 0.183051521827
7 1 1 7 -48.3480779513 0.196410546833
7 1 1 9 -48.3471126895 0.192106584939
7 1 6 9 -48.3524150476 0.191951021923
7 1 4 8 -48.334439881 0.196421436223
7 1 9 8 -48.3771765275 0.18007908471
7 2 2 0 -48.1062504769 0.225112527082
7 2 5 0 -45.3476941667 0.31870058957
7 2 9 1 -38.994264332 0.74505986024
7 2 7 1 -34.6394183431 1.320370679
7 2 2 2 -48.0268776842 0.255909030284
7 2 0 1 -48.2196120379 0.209782206709
7 2 8 5 -48.35350045 0.198323126922
7 2 8 3 -39.9293098815 0.998041083517
7 2 3 5 -47.9669765451 0.230943591612
7 2 5 3 -47.7190306667 0.934862951732
7 2 5 5 -48.2111047238 0.312164842268
7 2 1 4 -48.3832453 0.188889106487
7 2 7 7 -48.414981819 0.200691704908
7 2 1 7 -48.3294553487 0.207653318091
7 2 1 9 -48.3619097509 0.205135175249
7 2 6 9 -48.3218481619 0.190515586557
7 2 4 8 -48.3086673333 0.220840343028
7 2 9 8 -48.3863598078 0.164185922583
7 3 2 0 -48.0523797462 0.221876892736
7 3 5 0 -48.1666989667 0.207682107084
7 3 9 1 -39.5802990477 1.61186821776
7 3 7 1 -36.2030975878 2.48827150727
7 3 2 2 -47.986073914 0.224993392588
7 3 0 1 -48.1923450609 0.22779118574
7 3 8 5 -48.2580731 0.230966689989
7 3 8 3 -34.7368473573 2.38470612375
7 3 3 5 -47.6127668765 0.249441874977
7 3 5 3 -46.0120065 0.574936810964
7 3 5 5 -47.7235455476 0.296055502382
7 3 1 4 -48.3780750333 0.201477432739
7 3 7 7 -48.3302360905 0.206970134691
7 3 1 7 -48.3328394718 0.206929376652
7 3 1 9 -48.3221624807 0.202418301077
7 3 6 9 -48.3546323905 0.19629043569
7 3 4 8 -48.3178982333 0.195641114928
7 3 9 8 -48.3554345706 0.19676650428
7 4 2 0 -48.2704406359 0.237774120507
7 4 5 0 -48.3653597 0.173721552068
7 4 9 1 -47.7761525954 0.246895629219
7 4 7 1 -47.5221125922 0.242580733737
7 4 2 2 -48.2677548175 0.222416928334
7 4 0 1 -48.2960672172 0.208669310753
7 4 8 5 -39.3952718458 1.35760588236
7 4 8 3 -40.9742077715 1.17895844039
7 4 3 5 -47.526277949 0.226474168326
7 4 5 3 -45.7383719333 0.517804815201
7 4 5 5 -46.1656835143 0.273038305103
7 4 1 4 -48.4135534 0.233552357966
7 4 7 7 -47.967728919 0.218075730036
7 4 1 7 -48.3459826564 0.203060798906
7 4 1 9 -48.3428630667 0.213804887189
7 4 6 9 -48.3488605667 0.213788582171
7 4 4 8 -48.3336484667 0.226800768993
7 4 9 8 -48.3723519333 0.220434067349
7 5 2 0 -48.2469416436 0.222981546569
7 5 5 0 -48.3365060667 0.195375843971
7 5 9 1 -48.1992636201 0.236444113435
7 5 7 1 -48.1030727922 0.245621189524
7 5 2 2 -48.2818950825 0.231102716774
7 5 0 1 -48.2297272563 0.213367284756
7 5 8 5 -35.7668642369 1.84069297136
7 5 8 3 -44.640055133 0.73251254566
7 5 3 5 -47.514287 0.24501347142
7 5 5 3 -48.4264321333 0.203381915654
7 5 5 5 -44.2641732762 0.265329638632
7 5 1 4 -48.3843976667 0.184068004909
7 5 7 7 -44.951533445 0.720222389497
7 5 1 7 -48.3077655641 0.219317570416
7 5 1 9 -48.3391477579 0.209879455892
7 5 6 9 -48.3257734476 0.224643244021
7 5 4 8 -48.277706019 0.221165183977
7 5 9 8 -46.9579844046 0.424716356252
7 6 2 0 -48.2989236923 0.181891695631
7 6 5 0 -48.3270305 0.19505737581
7 6 9 1 -48.2933397274 0.175078745845
7 6 7 1 -48.2444406569 0.179684140336
7 6 2 2 -48.3164010702 0.18038995742
7 6 0 1 -48.2614887529 0.200596634116
7 6 8 5 -39.8719190258 1.35428895852
7 6 8 3 -47.9935256037 0.205441876987
7 6 3 5 -47.8608177843 0.261739394363
7 6 5 3 -48.3600182667 0.270029079673
7 6 5 5 -46.9222145524 0.358483157692
7 6 1 4 -48.3911418333 0.178441223019
7 6 7 7 -37.5191551884 1.82987331497
7 6 1 7 -48.2474083897 0.198398171044
7 6 1 9 -48.2999595544 0.222064689183
7 6 6 9 -47.7434936 0.344639276434
7 6 4 8 -48.2018185905 0.246384218257
7 6 9 8 -44.4382916275 0.854004071671
7 7 2 0 -48.3070181077 0.190246881831
7 7 5 0 -48.3228786667 0.208026151666
7 7 9 1 -48.3706221909 0.210122186346
7 7 7 1 -48.3044467451 0.219948532778
7 7 2 2 -48.3286076737 0.193666334173
7 7 0 1 -48.2996501103 0.179670361711
7 7 8 5 -47.1430591583 0.27519763932
7 7 8 3 -48.2651045926 0.231131586568
7 7 3 5 -47.9332845745 0.234503733633
7 7 5 3 -48.3584402333 0.181173003778
7 7 5 5 -47.8062545762 0.258015094587
7 7 1 4 -48.3590464667 0.250513498232
7 7 7 7 -28.3304783812 3.0
7 7 1 7 -48.2410772333 0.223751511694
7 7 1 9 -48.2615966965 0.238823533892
7 7 6 9 -43.9153933961 0.816927528373
7 7 4 8 -48.0133225762 0.227663674631
7 7 9 8 -43.0802967997 0.771992214946
7 8 2 0 -48.3454328769 0.183609777026
7 8 5 0 -48.3689267 0.204155593273
7 8 9 1 -48.3751578338 0.195579181054
7 8 7 1 -48.3562549647 0.1986662287
7 8 2 2 -48.3329672526 0.174290779877
7 8 0 1 -48.3157464724 0.185646174344
7 8 8 5 -47.4261917 0.253270300855
7 8 8 3 -48.3481657778 0.192309725154
7 8 3 5 -48.2044844431 0.167047553885
7 8 5 3 -48.360207 0.17803473374
7 8 5 5 -48.325235 0.176988859167
7 8 1 4 -48.3908774333 0.220607471245
7 8 7 7 -37.4575364066 1.59934442124
7 8 1 7 -48.2765448359 0.19454458801
7 8 1 9 -48.2407788386 0.216492568121
7 8 6 9 -39.1367113258 1.38839170292
7 8 4 8 -47.7044003143 0.291002844929
7 8 9 8 -41.1968978096 0.894898479878
7 9 2 0 -48.3500088359 0.206535858311
7 9 5 0 -48.3619302667 0.210430229574
7 9 9 1 -48.3419125269 0.19489342182
7 9 7 1 -48.3299422863 0.189441276951
7 9 2 2 -48.3572410772 0.210788910472
7 9 0 1 -48.3017428253 0.221259369958
7 9 8 5 -47.329002975 0.384533755121
7 9 8 3 -48.3417417407 0.179103242764
7 9 3 5 -48.2401035804 0.247705254467
7 9 5 3 -48.4056039333 0.185047014075
7 9 5 5 -48.3536593429 0.204223562
7 9 1 4 -48.4142169333 0.250489719401
7 9 7 7 -41.9507104198 1.2388547797
7 9 1 7 -48.2734316667 0.221467366687
7 9 1 9 -48.2305311965 0.241154218683
7 9 6 9 -35.9124940369 1.88141987308
7 9 4 8 -47.8882494286 0.260013718283
7 9 9 8 -40.9103974108 1.19254690864
8 0 2 0 -48.2373025077 0.193638065862
8 0 5 0 -45.6486711 0.400098507313
8 0 9 1 -35.0769444699 1.32235589599
8 0 7 1 -40.5543175706 1.21467222839
8 0 2 2 -48.2235637123 0.201431029961
8 0 0 1 -48.2178476425 0.221623102138
8 0 8 5 -48.37978735 0.236306283692
8 0 8 3 -47.2847941741 0.659008245206
8 0 3 5 -48.2459745235 0.172446990791
8 0 5 3 -48.3585853667 0.209701357902
8 0 5 5 -48.3576015 0.231048831888
8 0 1 4 -48.3904672 0.202153040628
8 0 7 7 -48.3814568 0.209009595789
8 0 1 7 -48.4114353897 0.201421477378
8 0 1 9 -48.397495993 0.210739855239
8 0 6 9 -48.3468582048 0.212354095773
8 0 4 8 -48.3444642238 0.208722151827
8 0 9 8 -48.379082651 0.195294082196
8 1 2 0 -48.1491401487 0.225694968003
8 1 5 0 -46.9198290667 0.360670670336
8 1 9 1 -30.8992838988 1.96075894543
8 1 7 1 -36.1319444858 1.50464336083
8 1 2 2 -48.0793662421 0.225731098237
8 1 0 1 -48.227371246 0.2259474059
8 1 8 5 -48.29481935 0.221061088271
8 1 8 3 -43.8668200629 0.916745273392
8 1 3 5 -48.0759877059 0.268852862161
8 1 5 3 -48.4208469667 0.171377213871
8 1 5 5 -48.4048941952 0.203342231822
8 1 1 4 -48.3498755 0.247461423185
8 1 7 7 -48.2892827571 0.176485883356
8 1 1 7 -48.3548764103 0.213444690799
8 1 1 9 -48.3325575404 0.226448426572
8 1 6 9 -48.330536981 0.199902095665
8 1 4 8 -48.3475831143 0.227912221074
8 1 9 8 -48.2738459863 0.171543681734
8 2 2 0 -48.254769941 0.190667676288
8 2 5 0 -46.9954561 0.253194249042
8 2 9 1 -37.6625147089 1.49757020487
8 2 7 1 -38.9427113453 1.02183059361
8 2 2 2 -48.2440492404 0.19182097269
8 2 0 1 -48.2542671621 0.194090021834
8 2 8 5 -48.2463452083 0.25131144994
8 2 8 3 -36.4363290323 1.6491401976
8 2 3 5 -48.1694134176 0.217123709551
8 2 5 3 -48.3673044 0.176561012768
8 2 5 5 -48.2240513048 0.241549051778
8 2 1 4 -48.3682958 0.198501600842
8 2 7 7 -48.3690066333 0.182629873802
8 2 1 7 -48.2931466667 0.22726455043
8 2 1 9 -48.3094365684 0.22037876346
8 2 6 9 -48.3591201619 0.220622074049
8 2 4 8 -48.349175519 0.24477540121
8 2 9 8 -48.354714651 0.18126729499
8 3 2 0 -48.1832239897 0.220222494769
8 3 5 0 -48.0301185 0.245958539256
8 3 9 1 -42.1749307514 0.979353582699
8 3 7 1 -44.4218346471 0.454060724449
8 3 2 2 -48.1853246421 0.217055987187
8 3 0 1 -48.2113136644 0.184000625505
8 3 8 5 -42.7253188203 0.949908491038
8 3 8 3 -28.3304783812 3.0
8 3 3 5 -47.9152374941 0.259764383116
8 3 5 3 -48.3995457667 0.206982431216
8 3 5 5 -47.4012604048 0.235818912091
8 3 1 4 -48.3450955333 0.21283102398
8 3 7 7 -48.0855479095 0.175096051801
8 3 1 7 -48.3332774769 0.195596391919
8 3 1 9 -48.3655908105 0.18531771453
8 3 6 9 -48.3380318476 0.181120968243
8 3 4 8 -48.3350124286 0.211753431717
8 3 9 8 -48.3460881647 0.153875925734
8 4 2 0 -48.2184522538 0.204939208818
8 4 5 0 -48.3337566 0.190888509441
8 4 9 1 -47.3942149744 0.324408461868
8 4 7 1 -47.1064356 0.346798883808
8 4 2 2 -48.1899806579 0.20646810568
8 4 0 1 -48.2145022207 0.214529852154
8 4 8 5 -36.0586339131 1.93497063966
8 4 8 3 -37.1430320906 1.77390257343
8 4 3 5 -47.7286815667 0.246991986811
8 4 5 3 -48.029787 0.497483754587
8 4 5 5 -48.012766 0.273047961375
8 4 1 4 -48.3704082333 0.202563377152
8 4 7 7 -48.1487812952 0.249907039813
8 4 1 7 -48.3381480923 0.163240918495
8 4 1 9 -48.3494001649 0.172866445804
8 4 6 9 -48.3569850905 0.174978301984
8 4 4 8 -48.3849421 0.164937520197
8 4 9 8 -48.249359998 0.223144681306
8 5 2 0 -48.2985316103 0.228829661687
8 5 5 0 -48.4135000333 0.241890090868
8 5 9 1 -47.5220234484 0.306087136379
8 5 7 1 -48.2808473176 0.210747187998
8 5 2 2 -48.2993366561 0.210291188302
8 5 0 1 -48.3080310448 0.211114658331
8 5 8 5 -28.3304783812 3.0
8 5 8 3 -41.9874986496 0.99895998396
8 5 3 5 -47.8063323627 0.225661581772
8 5 5 3 -48.3995464 0.180471457903
8 5 5 5 -46.7082248286 0.24835967273
8 5 1 4 -48.4215745 0.192492493495
8 5 7 7 -47.0029960429 0.404464706953
8 5 1 7 -48.3777090564 0.188693659933
8 5 1 9 -48.3510117965 0.191865854209
8 5 6 9 -48.166176181 0.250408556377
8 5 4 8 -48.3389731 0.219807842358
8 5 9 8 -45.8841007316 0.579452130615
8 6 2 0 -48.3583056846 0.197247983886
8 6 5 0 -48.3759272333 0.227381022114
8 6 9 1 -48.2818184288 0.213935378951
8 6 7 1 -48.2334132922 0.203455921942
8 6 2 2 -48.3498547351 0.203921390096
8 6 0 1 -48.330640754 0.201574330191
8 6 8 5 -36.7586147274 1.83467330608
8 6 8 3 -48.1188491889 0.241637711973
8 6 3 5 -48.000743502 0.216081144924
8 6 5 3 -48.3477206 0.197399378259
8 6 5 5 -47.7976384095 0.255176429677
8 6 1 4 -48.3736492667 0.167843804246
8 6 7 7 -37.3897400612 1.05360129114
8 6 1 7 -48.301850859 0.230492448189
8 6 1 9 -48.3315677105 0.222240441059
8 6 6 9 -47.0083297381 0.195371471588
8 6 4 8 -48.2913613143 0.169990726146
8 6 9 8 -41.2923721885 0.712346580936
8 7 2 0 -48.3377096692 0.209712975811
8 7 5 0 -48.292416 0.19399088388
8 7 9 1 -48.3518694562 0.172186092686
8 7 7 1 -48.3266522255 0.17686297124
8 7 2 2 -48.3712583737 0.196873739084
8 7 0 1 -48.3222164172 0.193631624935
8 7 8 5 -43.044641375 0.510462194877
8 7 8 3 -48.3049398148 0.178315168642
8 7 3 5 -48.1153779275 0.213598466271
8 7 5 3 -48.3955964667 0.197455677599
8 7 5 5 -48.1486461905 0.226419738443
8 7 1 4 -48.3984321333 0.183811207824
8 7 7 7 -33.3240555905 1.11567421402
8 7 1 7 -48.3113139333 0.203608682685
8 7 1 9 -48.3682564526 0.176380284652
8 7 6 9 -44.8556003286 0.406170767976
8 7 4 8 -48.297632281 0.199115334728
8 7 9 8 -37.6869470647 0.834389792124
8 8 2 0 -48.2847708538 0.179820419212
8 8 5 0 -48.3762008 0.184684705039
8 8 9 1 -48.3385514776 0.194562035805
8 8 7 1 -48.3140006235 0.199441734406
8 8 2 2 -48.315377507 0.185376601405
8 8 0 1 -48.2387112805 0.1967365209
8 8 8 5 -46.1762885167 0.19937199738
8 8 8 3 -48.3431394593 0.199605600659
8 8 3 5 -48.2641146118 0.171456500427
8 8 5 3 -48.4047102333 0.210374541746
8 8 5 5 -48.326195481 0.21253324846
8 8 1 4 -48.3995697 0.225724702673
8 8 7 7 -37.2569002925 1.03732763452
8 8 1 7 -48.3403836641 0.196628837792
8 8 1 9 -48.3283379807 0.20667453249
8 8 6 9 -42.0830195189 0.896789282259
8 8 4 8 -48.226319419 0.258004645078
8 8 9 8 -34.2571583406 1.65217536464
8 9 2 0 -48.3400834333 0.228335368409
8 9 5 0 -48.3932056667 0.220262669479
8 9 9 1 -48.3452552228 0.194064359924
8 9 7 1 -48.2889311373 0.20614465178
8 9 2 2 -48.352836086 0.213701413461
8 9 0 1 -48.2999747782 0.230479226789
8 9 8 5 -46.7902915333 0.432293844316
8 9 8 3 -48.3049783037 0.197157871959
8 9 3 5 -48.3019579784 0.195268467528
8 9 5 3 -48.3680846333 0.177647419669
8 9 5 5 -48.3559761762 0.204007214523
8 9 1 4 -48.4146905667 0.183279086489
8 9 7 7 -43.7999009619 0.886851611996
8 9 1 7 -48.2958630103 0.209477926099
8 9 1 9 -48.2917984351 0.198413486274
8 9 6 9 -42.6776311238 0.688590467349
8 9 4 8 -48.1836582714 0.202260379221
8 9 9 8 -37.6925277333 1.22893945046
9 0 2 0 -48.2817099564 0.234680650417
9 0 5 0 -47.5003393667 0.314589766759
9 0 9 1 -33.7579573498 1.89784192477
9 0 7 1 -45.3689192 0.286257501395
9 0 2 2 -48.2925109772 0.199095595316
9 0 0 1 -48.2852860966 0.207315999987
9 0 8 5 -48.227493025 0.202190654972
9 0 8 3 -48.174651837 0.235997609863
9 0 3 5 -48.2916400824 0.202325911949
9 0 5 3 -48.4127212 0.233860865725
9 0 5 5 -48.3890198667 0.183516299547
9 0 1 4 -48.4153927 0.192686893924
9 0 7 7 -48.3534322048 0.160804114368
9 0 1 7 -48.3515944436 0.216764119895
9 0 1 9 -48.3361589667 0.212175281065
9 0 6 9 -48.3526853667 0.170149206034
9 0 4 8 -48.3518356476 0.182086077763
9 0 9 8 -48.3366919529 0.168499995835
9 1 2 0 -48.2109007718 0.208245179536
9 1 5 0 -47.6662781 0.322229019866
9 1 9 1 -28.3304783812 3.0
9 1 7 1 -42.873422264 0.903895226542
9 1 2 2 -48.2424218368 0.209740118446
9 1 0 1 -48.2665832218 0.194432031734
9 1 8 5 -48.0777173333 0.245272652187
9 1 8 3 -44.5668548135 0.881076145778
9 1 3 5 -48.1596139098 0.291545977924
9 1 5 3 -48.3476395 0.205340678299
9 1 5 5 -48.3667441762 0.200250765491
9 1 1 4 -48.4350100667 0.222190429658
9 1 7 7 -48.3031900333 0.207602343882
9 1 1 7 -48.3285592821 0.189542751682
9 1 1 9 -48.3226784807 0.201065049371
9 1 6 9 -48.3644632381 0.207807178241
9 1 4 8 -48.3896384476 0.215741709815
9 1 9 8 -48.3140522137 0.194397969694
9 2 2 0 -48.2958597641 0.182245423558
9 2 5 0 -47.8801395667 0.201169349174
9 2 9 1 -35.5996962007 1.88123474565
9 2 7 1 -45.2642546549 0.299681085223
9 2 2 2 -48.3115639579 0.181173933856
9 2 0 1 -48.2611732115 0.172857011056
9 2 8 5 -47.5630945 0.293336284338
9 2 8 3 -39.6967363826 1.23843961546
9 2 3 5 -48.2379682569 0.202134772902
9 2 5 3 -48.3815841667 0.201898294356
9 2 5 5 -48.3151626619 0.202503366833
9 2 1 4 -48.3741267667 0.191481489145
9 2 7 7 -48.3713552762 0.213712380477
9 2 1 7 -48.3829295923 0.168554473433
9 2 1 9 -48.3707905 0.166632366376
9 2 6 9 -48.3463358619 0.219976142512
9 2 4 8 -48.3409980048 0.207667353044
9 2 9 8 -48.3572884588 0.212669456857
9 3 2 0 -48.278868741 0.240785000145
9 3 5 0 -47.9242644667 0.266713544979
9 3 9 1 -41.9092828933 1.02539548341
9 3 7 1 -45.8739261137 0.352678153765
9 3 2 2 -48.2782402298 0.215688805914
9 3 0 1 -48.2607280828 0.225591637944
9 3 8 5 -42.8685498333 0.197768817422
9 3 8 3 -34.6534921073 1.65675195266
9 3 3 5 -48.1274134137 0.217960163788
9 3 5 3 -48.3885899 0.260906373904
9 3 5 5 -48.354938719 0.22247460657
9 3 1 4 -48.3958499333 0.232396654454
9 3 7 7 -48.3786604905 0.156304429908
9 3 1 7 -48.3227886923 0.197076461147
9 3 1 9 -48.3333008772 0.203157014718
9 3 6 9 -48.3905840571 0.184849673094
9 3 4 8 -48.3814930143 0.208540722314
9 3 9 8 -48.3720741078 0.161166384823
9 4 2 0 -48.2710979538 0.186307948591
9 4 5 0 -48.3495935 0.143449394815
9 4 9 1 -45.7061676557 0.301236541535
9 4 7 1 -47.610390549 0.239777892674
9 4 2 2 -48.2623067018 0.18984326213
9 4 0 1 -48.2746869149 0.180914028604
9 4 8 5 -39.7673992083 0.511560910104
9 4 8 3 -40.3145945222 0.46855417285
9 4 3 5 -47.9754569314 0.229815050564
9 4 5 3 -48.4802485 0.162809552316
9 4 5 5 -48.1679075476 0.241173196495
9 4 1 4 -48.3962791667 0.144688133856
9 4 7 7 -47.9911343095 0.306837728977
9 4 1 7 -48.343812241 0.207116498128
9 4 1 9 -48.3454313579 0.182045183976
9 4 6 9 -48.3199325905 0.231876505672
9 4 4 8 -48.4166434238 0.200215859895
9 4 9 8 -48.119169898 0.277856512726
9 5 2 0 -48.3115294897 0.194585118484
9 5 5 0 -48.3433111333 0.198140001816
9 5 9 1 -47.542466358 0.345490915348
9 5 7 1 -48.1631036235 0.241415396292
9 5 2 2 -48.2962769877 0.202523186885
9 5 0 1 -48.2638577563 0.211211333786
9 5 8 5 -35.3398099131 2.01934896993
9 5 8 3 -42.7602934802 0.998612341194
9 5 3 5 -48.0082119549 0.213992014311
9 5 5 3 -48.3681630333 0.152154548593
9 5 5 5 -47.9128892429 0.200788501761
9 5 1 4 -48.4364995333 0.275755090988
9 5 7 7 -47.4597100667 0.400453471042
9 5 1 7 -48.3865031179 0.17887067134
9 5 1 9 -48.3829993719 0.18269617996
9 5 6 9 -48.1512182333 0.253843113813
9 5 4 8 -48.3081134143 0.203373856679
9 5 9 8 -45.8511090281 0.596302208984
9 6 2 0 -48.3256664462 0.18505362422
9 6 5 0 -48.3626767667 0.192938255814
9 6 9 1 -48.2461823854 0.253792881191
9 6 7 1 -48.2157406 0.231709845201
9 6 2 2 -48.3531738035 0.185228091203
9 6 0 1 -48.3029556747 0.187099777859
9 6 8 5 -40.2495086192 1.33294612022
9 6 8 3 -48.1791045704 0.219524628208
9 6 3 5 -48.1139099824 0.215641988493
9 6 5 3 -48.3809113333 0.225867099487
9 6 5 5 -48.1979193429 0.224849139839
9 6 1 4 -48.3864986 0.264043207544
9 6 7 7 -44.7403017667 0.597219084199
9 6 1 7 -48.3022056641 0.18332076551
9 6 1 9 -48.3040726404 0.197770844618
9 6 6 9 -47.5193956381 0.284974836886
9 6 4 8 -48.3097646429 0.205519720882
9 6 9 8 -42.1998950496 0.995827816987
9 7 2 0 -48.3030464154 0.229231925235
9 7 5 0 -48.3583524 0.187155011787
9 7 9 1 -48.369951979 0.210654900561
9 7 7 1 -48.3426125176 0.206078424919
9 7 2 2 -48.3168280386 0.24318718212
9 7 0 1 -48.2714650529 0.288351640573
9 7 8 5 -46.0419504167 0.309131967682
9 7 8 3 -48.3273277556 0.202618763516
9 7 3 5 -48.1837295529 0.210822402324
9 7 5 3 -48.4071237333 0.226731731553
9 7 5 5 -48.2942378857 0.235779302439
9 7 1 4 -48.4178402 0.205537930022
9 7 7 7 -38.5564593301 0.972743760919
9 7 1 7 -48.2948383077 0.208943509192
9 7 1 9 -48.3252348561 0.213100053676
9 7 6 9 -46.7672352571 0.303432441016
9 7 4 8 -48.3606257238 0.235291532099
9 7 9 8 -35.7781067823 1.70907159915
9 8 2 0 -48.3355726051 0.182639003153
9 8 5 0 -48.2955066333 0.178986970128
9 8 9 1 -48.3500766767 0.185255895409
9 8 7 1 -48.3156831137 0.195061098728
9 8 2 2 -48.3371581368 0.19064329308
9 8 0 1 -48.2942675092 0.190310053953
9 8 8 5 -46.817032875 0.38798940283
9 8 8 3 -48.3341648667 0.225482670118
9 8 3 5 -48.2643572196 0.216751682223
9 8 5 3 -48.3977931667 0.129280164066
9 8 5 5 -48.3710809286 0.243354720135
9 8 1 4 -48.4452513667 0.199773768253
9 8 7 7 -43.9207468571 0.662892604108
9 8 1 7 -48.3120617359 0.196689636015
9 8 1 9 -48.3116167596 0.191161584209
9 8 6 9 -46.1615202524 0.390487419895
9 8 4 8 -48.3108036286 0.232576882246
9 8 9 8 -28.3304783812 3.0
9 9 2 0 -48.3269333615 0.170100281405
9 9 5 0 -48.3810717 0.221946209005
9 9 9 1 -48.3968525772 0.213437816815
9 9 7 1 -48.3788742784 0.24143954098
9 9 2 2 -48.344687286 0.154541279243
9 9 0 1 -48.324107946 0.180367165361
9 9 8 5 -47.9137041083 0.315466177863
9 9 8 3 -48.3336395407 0.211084343943
9 9 3 5 -48.2963041549 0.178873857422
9 9 5 3 -48.3982989 0.169572008795
9 9 5 5 -48.3614723667 0.193974461633
9 9 1 4 -48.4241710667 0.15049442137
9 9 7 7 -47.1357856762 0.579900766451
9 9 1 7 -48.3187805513 0.224736337354
9 9 1 9 -48.3517146053 0.218292234548
9 9 6 9 -46.3897181476 0.341568884243
9 9 4 8 -48.282294881 0.180468151749
9 9 9 8 -36.4649993573 1.80420774824
